  1.227273e+00   3.666667e+00   3.666667e+00   3.709229e+00
  1.254545e+00   3.586957e+00   3.586957e+00   3.630405e+00
  1.281818e+00   3.510638e+00   3.510638e+00   3.555295e+00
  1.309091e+00   3.437500e+00   3.437502e+00   3.483714e+00
  1.336364e+00   3.367347e+00   3.367454e+00   3.415470e+00
  1.363636e+00   3.300000e+00   3.300574e+00   3.350386e+00
  1.390909e+00   3.235294e+00   3.236960e+00   3.288252e+00
  1.418182e+00   3.173077e+00   3.176697e+00   3.228852e+00
  1.445455e+00   3.113208e+00   3.119833e+00   3.171957e+00
  1.472727e+00   3.055556e+00   3.066345e+00   3.117329e+00
  1.500000e+00   3.000000e+00   3.016113e+00   3.064731e+00
  1.527273e+00   2.946429e+00   2.968903e+00   3.013937e+00
  1.554545e+00   2.894737e+00   2.924374e+00   2.964738e+00
  1.581818e+00   2.844828e+00   2.882096e+00   2.916954e+00
  1.609091e+00   2.796610e+00   2.841587e+00   2.870440e+00
  1.636364e+00   2.750000e+00   2.802362e+00   2.825083e+00
  1.663636e+00   2.704918e+00   2.763967e+00   2.780805e+00
  1.690909e+00   2.661290e+00   2.726024e+00   2.737555e+00
  1.718182e+00   2.619048e+00   2.688238e+00   2.695299e+00
  1.745455e+00   2.578125e+00   2.650409e+00   2.654018e+00
  1.772727e+00   2.538462e+00   2.612417e+00   2.613698e+00
  1.800000e+00   2.500000e+00   2.574200e+00   2.574330e+00
  1.827273e+00   2.462687e+00   2.535737e+00   2.535905e+00
  1.854545e+00   2.426471e+00   2.497016e+00   2.498413e+00
  1.881818e+00   2.391304e+00   2.458044e+00   2.461843e+00
  1.909091e+00   2.357143e+00   2.418861e+00   2.426178e+00
  1.936364e+00   2.323944e+00   2.379569e+00   2.391397e+00
  1.963636e+00   2.291667e+00   2.340345e+00   2.357464e+00
  1.990909e+00   2.260274e+00   2.301445e+00   2.324334e+00
  2.018182e+00   2.229730e+00   2.263196e+00   2.291944e+00
  2.045455e+00   2.200000e+00   2.225962e+00   2.260227e+00
  2.072727e+00   2.171053e+00   2.190105e+00   2.229115e+00
  2.100000e+00   2.142857e+00   2.155926e+00   2.198554e+00
  2.127273e+00   2.115385e+00   2.123621e+00   2.168513e+00
  2.154545e+00   2.088608e+00   2.093250e+00   2.138991e+00
  2.181818e+00   2.062500e+00   2.064734e+00   2.110022e+00
  2.209091e+00   2.037037e+00   2.037872e+00   2.081665e+00
  2.236364e+00   2.012195e+00   2.012387e+00   2.053993e+00
  2.263636e+00   1.987952e+00   1.987962e+00   2.027087e+00
  2.290909e+00   1.964286e+00   1.964286e+00   2.001008e+00
  2.318182e+00   1.941176e+00   1.941176e+00   1.975753e+00
  2.345455e+00   1.918605e+00   1.918605e+00   1.951281e+00
  2.372727e+00   1.896552e+00   1.896552e+00   1.927534e+00
