lnum = 55

1.265000  0.000000
1.265000  0.108500
1.265000  0.217000
1.265000  0.325500
1.265000  0.434000
1.265000  0.542500
1.265000  0.651000
1.265000  0.759500
1.265000  0.868000
1.265000  0.976500
1.265000  1.085000
1.436500  1.257000
1.608000  1.429000
1.683000  1.431000 
1.631000  1.326000 
1.578000  1.320000 
1.593000  1.153000 
1.626000  1.090000 
1.752667  0.984333
1.879333  0.878667
2.006000  0.773000
2.081667  0.663333
2.157333  0.553667
2.233000  0.444000
2.235000  0.369000
2.263000  0.310000
2.298000  0.189000
2.316000  0.062000
2.316000 -0.062000
2.298000 -0.189000
2.263000 -0.310000
2.235000 -0.369000
2.233000 -0.444000
2.157333 -0.553667
2.081667 -0.663333
2.006000 -0.773000
1.879333 -0.878667
1.752667 -0.984333
1.626000 -1.090000
1.593000 -1.153000 
1.578000 -1.320000 
1.631000 -1.326000 
1.683000 -1.431000 
1.608000 -1.429000 
1.436500 -1.257000
1.265000 -1.085000
1.265000 -0.976500
1.265000 -0.868000
1.265000 -0.759500
1.265000 -0.651000
1.265000 -0.542500
1.265000 -0.434000
1.265000 -0.325500
1.265000 -0.217000
1.265000 -0.108500

PFC
1.265000  0.000000
1.265000  1.085000