#         PSIN          press         pprime              F        FFprime              q            Phi           RhoN
  0.000000e+00   5.131619e+04   3.643246e+05   4.633842e+00   4.339604e+00   8.823908e-01   0.000000e+00   0.000000e+00 
  1.010101e-02   5.016513e+04   3.635852e+05   4.630882e+00   4.330797e+00   8.894021e-01   1.797537e-02   4.784031e-02 
  2.020202e-02   4.901759e+04   3.622353e+05   4.627930e+00   4.314718e+00   8.928803e-01   2.697051e-02   5.860027e-02 
  3.030303e-02   4.787498e+04   3.604910e+05   4.624988e+00   4.293941e+00   8.928255e-01   3.598558e-02   6.768918e-02 
  4.040404e-02   4.673840e+04   3.584309e+05   4.622060e+00   4.269402e+00   8.952204e-01   4.502151e-02   7.571207e-02 
  5.050505e-02   4.560877e+04   3.561012e+05   4.619148e+00   4.241652e+00   8.979161e-01   5.407654e-02   8.297734e-02 
  6.060606e-02   4.448690e+04   3.535341e+05   4.616254e+00   4.211075e+00   9.007433e-01   6.316095e-02   8.967665e-02 
  7.070707e-02   4.337348e+04   3.507536e+05   4.613380e+00   4.177955e+00   9.038695e-01   7.227735e-02   9.593038e-02 
  8.080808e-02   4.226917e+04   3.477789e+05   4.610528e+00   4.142523e+00   9.073077e-01   8.142625e-02   1.018210e-01 
  9.090909e-02   4.117454e+04   3.446259e+05   4.607699e+00   4.104966e+00   9.109610e-01   9.060753e-02   1.074081e-01 
  1.010101e-01   4.009015e+04   3.413081e+05   4.604895e+00   4.065447e+00   9.148000e-01   9.982343e-02   1.127383e-01 
  1.111111e-01   3.901649e+04   3.378373e+05   4.602117e+00   4.024105e+00   9.188373e-01   1.090784e-01   1.178486e-01 
  1.212121e-01   3.795404e+04   3.342239e+05   4.599366e+00   3.981064e+00   9.231231e-01   1.183792e-01   1.227701e-01 
  1.313131e-01   3.690322e+04   3.304773e+05   4.596644e+00   3.936437e+00   9.276671e-01   1.277290e-01   1.275263e-01 
  1.414141e-01   3.586445e+04   3.266061e+05   4.593951e+00   3.890326e+00   9.324112e-01   1.371215e-01   1.321319e-01 
  1.515152e-01   3.483810e+04   3.226181e+05   4.591289e+00   3.842823e+00   9.373370e-01   1.465574e-01   1.366026e-01 
  1.616162e-01   3.382454e+04   3.185206e+05   4.588659e+00   3.794016e+00   9.424539e-01   1.560425e-01   1.409537e-01 
  1.717172e-01   3.282409e+04   3.143204e+05   4.586061e+00   3.743986e+00   9.477838e-01   1.655802e-01   1.451976e-01 
  1.818182e-01   3.183708e+04   3.100240e+05   4.583497e+00   3.692810e+00   9.533517e-01   1.751794e-01   1.493470e-01 
  1.919192e-01   3.086380e+04   3.056373e+05   4.580967e+00   3.640558e+00   9.591632e-01   1.848414e-01   1.534103e-01 
  2.020202e-01   2.990452e+04   3.011661e+05   4.578472e+00   3.587300e+00   9.651886e-01   1.945596e-01   1.573915e-01 
  2.121212e-01   2.895950e+04   2.966158e+05   4.576013e+00   3.533100e+00   9.714195e-01   2.043363e-01   1.612976e-01 
  2.222222e-01   2.802899e+04   2.919919e+05   4.573590e+00   3.478022e+00   9.778614e-01   2.141739e-01   1.651347e-01 
  2.323232e-01   2.711321e+04   2.872991e+05   4.571205e+00   3.422126e+00   9.845267e-01   2.240780e-01   1.689097e-01 
  2.424242e-01   2.621237e+04   2.825425e+05   4.568857e+00   3.365468e+00   9.914236e-01   2.340523e-01   1.726281e-01 
  2.525253e-01   2.532666e+04   2.777267e+05   4.566547e+00   3.308105e+00   9.985598e-01   2.440995e-01   1.762944e-01 
  2.626263e-01   2.445626e+04   2.728563e+05   4.564276e+00   3.250092e+00   1.005951e+00   2.542256e-01   1.799139e-01 
  2.727273e-01   2.360135e+04   2.679356e+05   4.562044e+00   3.191480e+00   1.013595e+00   2.644297e-01   1.834890e-01 
  2.828283e-01   2.276206e+04   2.629690e+05   4.559852e+00   3.132321e+00   1.021488e+00   2.747107e-01   1.870221e-01 
  2.929293e-01   2.193855e+04   2.579606e+05   4.557701e+00   3.072664e+00   1.029633e+00   2.850721e-01   1.905164e-01 
  3.030303e-01   2.113093e+04   2.529145e+05   4.555590e+00   3.012558e+00   1.038034e+00   2.955146e-01   1.939745e-01 
  3.131313e-01   2.033932e+04   2.478347e+05   4.553519e+00   2.952050e+00   1.046696e+00   3.060417e-01   1.973992e-01 
  3.232323e-01   1.956381e+04   2.427251e+05   4.551490e+00   2.891188e+00   1.055633e+00   3.166602e-01   2.007945e-01 
  3.333333e-01   1.880451e+04   2.375895e+05   4.549503e+00   2.830016e+00   1.064856e+00   3.273736e-01   2.041629e-01 
  3.434343e-01   1.806148e+04   2.324316e+05   4.547557e+00   2.768579e+00   1.074378e+00   3.381869e-01   2.075073e-01 
  3.535354e-01   1.733478e+04   2.272552e+05   4.545653e+00   2.706921e+00   1.084211e+00   3.491042e-01   2.108301e-01 
  3.636364e-01   1.662448e+04   2.220639e+05   4.543791e+00   2.645085e+00   1.094357e+00   3.601232e-01   2.141315e-01 
  3.737374e-01   1.593061e+04   2.168612e+05   4.541972e+00   2.583114e+00   1.104815e+00   3.712435e-01   2.174125e-01 
  3.838384e-01   1.525320e+04   2.116507e+05   4.540195e+00   2.521049e+00   1.115597e+00   3.824699e-01   2.206753e-01 
  3.939394e-01   1.459227e+04   2.064357e+05   4.538461e+00   2.458932e+00   1.126715e+00   3.938081e-01   2.239223e-01 
  4.040404e-01   1.394783e+04   2.012198e+05   4.536769e+00   2.396803e+00   1.138178e+00   4.052599e-01   2.271548e-01 
  4.141414e-01   1.331989e+04   1.960063e+05   4.535120e+00   2.334703e+00   1.150004e+00   4.168338e-01   2.303756e-01 
  4.242424e-01   1.270841e+04   1.907985e+05   4.533514e+00   2.272671e+00   1.162207e+00   4.285348e-01   2.335867e-01 
  4.343434e-01   1.211339e+04   1.855997e+05   4.531950e+00   2.210746e+00   1.174804e+00   4.403696e-01   2.367902e-01 
  4.444444e-01   1.153479e+04   1.804131e+05   4.530429e+00   2.148967e+00   1.187805e+00   4.523368e-01   2.399861e-01 
  4.545455e-01   1.097256e+04   1.752421e+05   4.528951e+00   2.087373e+00   1.201221e+00   4.644376e-01   2.431749e-01 
  4.646465e-01   1.042665e+04   1.700897e+05   4.527515e+00   2.026001e+00   1.215070e+00   4.766768e-01   2.463582e-01 
  4.747475e-01   9.897002e+03   1.649592e+05   4.526121e+00   1.964889e+00   1.229365e+00   4.890596e-01   2.495376e-01 
  4.848485e-01   9.383533e+03   1.598536e+05   4.524770e+00   1.904075e+00   1.244125e+00   5.015912e-01   2.527144e-01 
  4.949495e-01   8.886163e+03   1.547760e+05   4.523460e+00   1.843594e+00   1.259369e+00   5.142784e-01   2.558905e-01 
  5.050505e-01   8.404798e+03   1.497296e+05   4.522193e+00   1.783485e+00   1.275117e+00   5.271273e-01   2.590674e-01 
  5.151515e-01   7.939335e+03   1.447174e+05   4.520966e+00   1.723783e+00   1.291390e+00   5.401451e-01   2.622469e-01 
  5.252525e-01   7.489660e+03   1.397424e+05   4.519781e+00   1.664523e+00   1.308209e+00   5.533383e-01   2.654302e-01 
  5.353535e-01   7.055653e+03   1.348076e+05   4.518638e+00   1.605743e+00   1.325602e+00   5.667086e-01   2.686179e-01 
  5.454545e-01   6.637179e+03   1.299160e+05   4.517534e+00   1.547478e+00   1.343597e+00   5.802633e-01   2.718114e-01 
  5.555556e-01   6.234100e+03   1.250706e+05   4.516471e+00   1.489762e+00   1.362219e+00   5.940069e-01   2.750115e-01 
  5.656566e-01   5.846263e+03   1.202743e+05   4.515448e+00   1.432631e+00   1.381494e+00   6.079455e-01   2.782194e-01 
  5.757576e-01   5.473509e+03   1.155299e+05   4.514465e+00   1.376119e+00   1.401454e+00   6.220874e-01   2.814367e-01 
  5.858586e-01   5.115669e+03   1.108405e+05   4.513521e+00   1.320262e+00   1.422130e+00   6.364398e-01   2.846648e-01 
  5.959596e-01   4.772565e+03   1.062090e+05   4.512615e+00   1.265094e+00   1.443558e+00   6.510136e-01   2.879056e-01 
  6.060606e-01   4.444009e+03   1.016381e+05   4.511748e+00   1.210648e+00   1.465772e+00   6.658196e-01   2.911611e-01 
  6.161616e-01   4.129806e+03   9.713073e+04   4.510918e+00   1.156960e+00   1.488819e+00   6.808665e-01   2.944327e-01 
  6.262626e-01   3.829748e+03   9.268978e+04   4.510126e+00   1.104062e+00   1.512745e+00   6.961584e-01   2.977207e-01 
  6.363636e-01   3.543623e+03   8.831804e+04   4.509370e+00   1.051989e+00   1.537601e+00   7.117059e-01   3.010269e-01 
  6.464646e-01   3.271207e+03   8.401834e+04   4.508650e+00   1.000773e+00   1.563444e+00   7.275193e-01   3.043528e-01 
  6.565657e-01   3.012267e+03   7.979348e+04   4.507966e+00   9.504495e-01   1.590322e+00   7.436048e-01   3.076991e-01 
  6.666667e-01   2.766563e+03   7.564623e+04   4.507317e+00   9.010501e-01   1.618297e+00   7.599789e-01   3.110684e-01 
  6.767677e-01   2.533845e+03   7.157939e+04   4.506702e+00   8.526084e-01   1.647433e+00   7.766564e-01   3.144630e-01 
  6.868687e-01   2.313854e+03   6.759570e+04   4.506121e+00   8.051573e-01   1.677791e+00   7.936496e-01   3.178846e-01 
  6.969697e-01   2.106323e+03   6.369794e+04   4.505572e+00   7.587295e-01   1.709459e+00   8.109736e-01   3.213353e-01 
  7.070707e-01   1.910977e+03   5.988883e+04   4.505055e+00   7.133578e-01   1.742540e+00   8.286437e-01   3.248172e-01 
  7.171717e-01   1.727529e+03   5.617111e+04   4.504570e+00   6.690747e-01   1.777131e+00   8.466722e-01   3.283316e-01 
  7.272727e-01   1.555688e+03   5.254750e+04   4.504116e+00   6.259125e-01   1.813344e+00   8.650749e-01   3.318806e-01 
  7.373737e-01   1.395151e+03   4.902071e+04   4.503691e+00   5.839037e-01   1.851284e+00   8.838674e-01   3.354661e-01 
  7.474747e-01   1.245608e+03   4.559345e+04   4.503296e+00   5.430803e-01   1.891092e+00   9.030761e-01   3.390918e-01 
  7.575758e-01   1.106740e+03   4.226840e+04   4.502929e+00   5.034745e-01   1.932895e+00   9.227225e-01   3.427604e-01 
  7.676768e-01   9.782201e+02   3.904826e+04   4.502589e+00   4.651182e-01   1.976856e+00   9.428315e-01   3.464752e-01 
  7.777778e-01   8.597114e+02   3.593570e+04   4.502275e+00   4.280433e-01   2.023196e+00   9.634280e-01   3.502392e-01 
  7.878788e-01   7.508700e+02   3.293338e+04   4.501987e+00   3.922816e-01   2.072132e+00   9.845364e-01   3.540552e-01 
  7.979798e-01   6.513432e+02   3.004397e+04   4.501724e+00   3.578647e-01   2.123918e+00   1.006187e+00   3.579269e-01 
  8.080808e-01   5.607698e+02   2.727011e+04   4.501484e+00   3.248243e-01   2.178830e+00   1.028414e+00   3.618587e-01 
  8.181818e-01   4.787803e+02   2.461446e+04   4.501267e+00   2.931918e-01   2.237170e+00   1.051254e+00   3.658550e-01 
  8.282828e-01   4.049968e+02   2.207964e+04   4.501072e+00   2.629987e-01   2.299308e+00   1.074753e+00   3.699214e-01 
  8.383838e-01   3.390330e+02   1.966829e+04   4.500897e+00   2.342762e-01   2.365728e+00   1.098955e+00   3.740632e-01 
  8.484848e-01   2.804945e+02   1.738303e+04   4.500742e+00   2.070557e-01   2.436999e+00   1.123913e+00   3.782870e-01 
  8.585859e-01   2.289784e+02   1.522648e+04   4.500606e+00   1.813682e-01   2.513771e+00   1.149685e+00   3.825996e-01 
  8.686869e-01   1.840738e+02   1.320125e+04   4.500487e+00   1.572449e-01   2.596827e+00   1.176340e+00   3.870093e-01 
  8.787879e-01   1.453612e+02   1.130993e+04   4.500385e+00   1.347168e-01   2.687096e+00   1.203955e+00   3.915256e-01 
  8.888889e-01   1.124133e+02   9.555140e+03   4.500298e+00   1.138148e-01   2.785815e+00   1.232623e+00   3.961596e-01 
  8.989899e-01   8.479416e+01   7.939457e+03   4.500224e+00   9.456979e-02   2.894694e+00   1.262459e+00   4.009255e-01 
  9.090909e-01   6.206000e+01   6.465470e+03   4.500164e+00   7.701259e-02   3.015804e+00   1.293591e+00   4.058388e-01 
  9.191919e-01   4.375870e+01   5.135761e+03   4.500116e+00   6.117393e-02   3.151931e+00   1.326182e+00   4.109194e-01 
  9.292929e-01   2.943004e+01   3.952903e+03   4.500078e+00   4.708449e-02   3.306933e+00   1.360432e+00   4.161917e-01 
  9.393939e-01   1.860565e+01   2.919468e+03   4.500049e+00   3.477486e-02   3.486803e+00   1.396614e+00   4.216900e-01 
  9.494949e-01   1.080905e+01   2.038020e+03   4.500029e+00   2.427560e-02   3.700637e+00   1.435086e+00   4.274586e-01 
  9.595960e-01   5.555671e+00   1.311118e+03   4.500015e+00   1.561721e-02   3.963145e+00   1.476340e+00   4.335591e-01 
  9.696970e-01   2.352835e+00   7.413170e+02   4.500006e+00   8.830099e-03   4.302653e+00   1.521160e+00   4.400911e-01 
  9.797980e-01   6.998120e-01   3.311675e+02   4.500002e+00   3.944658e-03   4.782842e+00   1.570866e+00   4.472236e-01 
  9.898990e-01   8.781072e-02   8.321482e+01   4.500000e+00   9.912023e-04   5.602712e+00   1.628263e+00   4.553206e-01 
  1.000000e+00  -0.000000e+00   0.000000e+00   4.500000e+00   0.000000e+00   1.212822e+01   1.707147e+00   4.662196e-01 
