	[R]	[BT0]	[BT]	[Btotal]
1.789007e+00	1.548709e+00	1.548709e+00	1.548709e+00
1.789040e+00	1.548972e+00	1.548972e+00	1.548972e+00
1.787769e+00	1.550361e+00	1.550361e+00	1.550361e+00
1.786499e+00	1.551748e+00	1.551748e+00	1.551748e+00
1.785303e+00	1.553069e+00	1.553069e+00	1.553069e+00
1.784654e+00	1.553911e+00	1.553911e+00	1.553911e+00
1.783419e+00	1.555263e+00	1.555263e+00	1.555263e+00
1.782807e+00	1.556068e+00	1.556068e+00	1.556068e+00
1.781560e+00	1.557426e+00	1.557426e+00	1.557426e+00
1.780932e+00	1.558240e+00	1.558240e+00	1.558240e+00
1.779677e+00	1.559601e+00	1.559601e+00	1.559601e+00
1.779048e+00	1.560411e+00	1.560411e+00	1.560411e+00
1.777777e+00	1.561782e+00	1.561782e+00	1.561782e+00
1.777149e+00	1.562587e+00	1.562587e+00	1.562587e+00
1.775872e+00	1.563960e+00	1.563960e+00	1.563960e+00
1.775235e+00	1.564767e+00	1.564767e+00	1.564767e+00
1.773955e+00	1.566140e+00	1.566140e+00	1.566140e+00
1.773310e+00	1.566949e+00	1.566949e+00	1.566949e+00
1.772018e+00	1.568329e+00	1.568329e+00	1.568329e+00
1.771374e+00	1.569133e+00	1.569133e+00	1.569133e+00
1.770064e+00	1.570526e+00	1.570526e+00	1.570526e+00
1.769415e+00	1.571330e+00	1.571330e+00	1.571330e+00
1.768105e+00	1.572720e+00	1.572720e+00	1.572720e+00
1.767441e+00	1.573533e+00	1.573533e+00	1.573533e+00
1.766126e+00	1.574924e+00	1.574924e+00	1.574924e+00
1.765460e+00	1.575735e+00	1.575735e+00	1.575735e+00
1.764126e+00	1.577140e+00	1.577140e+00	1.577140e+00
1.763454e+00	1.577952e+00	1.577952e+00	1.577952e+00
1.762116e+00	1.579359e+00	1.579359e+00	1.579359e+00
1.761439e+00	1.580170e+00	1.580170e+00	1.580170e+00
1.760081e+00	1.581593e+00	1.581593e+00	1.581593e+00
1.759404e+00	1.582401e+00	1.582401e+00	1.582401e+00
1.758036e+00	1.583829e+00	1.583829e+00	1.583829e+00
1.757349e+00	1.584643e+00	1.584643e+00	1.584643e+00
1.755971e+00	1.586079e+00	1.586079e+00	1.586079e+00
1.755280e+00	1.586891e+00	1.586891e+00	1.586891e+00
1.753890e+00	1.588335e+00	1.588335e+00	1.588335e+00
1.753190e+00	1.589154e+00	1.589154e+00	1.589154e+00
1.751786e+00	1.590608e+00	1.590608e+00	1.590608e+00
1.751084e+00	1.591425e+00	1.591425e+00	1.591425e+00
1.749666e+00	1.592890e+00	1.592890e+00	1.592890e+00
1.748953e+00	1.593713e+00	1.593713e+00	1.593713e+00
1.747525e+00	1.595187e+00	1.595187e+00	1.595187e+00
1.746088e+00	1.596667e+00	1.596667e+00	1.596667e+00
1.745365e+00	1.597495e+00	1.597495e+00	1.597495e+00
1.743909e+00	1.598992e+00	1.598992e+00	1.598992e+00
1.743179e+00	1.599822e+00	1.599822e+00	1.599822e+00
1.741713e+00	1.601328e+00	1.601328e+00	1.601328e+00
1.740977e+00	1.602161e+00	1.602161e+00	1.602161e+00
1.739491e+00	1.603684e+00	1.603684e+00	1.603684e+00
1.738747e+00	1.604521e+00	1.604521e+00	1.604521e+00
1.737247e+00	1.606057e+00	1.606057e+00	1.606057e+00
1.736496e+00	1.606898e+00	1.606898e+00	1.606898e+00
1.734982e+00	1.608444e+00	1.608444e+00	1.608444e+00
1.734219e+00	1.609294e+00	1.609294e+00	1.609294e+00
1.732688e+00	1.610857e+00	1.610857e+00	1.610857e+00
1.731917e+00	1.611711e+00	1.611711e+00	1.611711e+00
1.730372e+00	1.613286e+00	1.613286e+00	1.613286e+00
1.729592e+00	1.614147e+00	1.614147e+00	1.614147e+00
1.728026e+00	1.615742e+00	1.615742e+00	1.615742e+00
1.727237e+00	1.616609e+00	1.616609e+00	1.616609e+00
1.725652e+00	1.618220e+00	1.618220e+00	1.618220e+00
1.724857e+00	1.619091e+00	1.619091e+00	1.619091e+00
1.723250e+00	1.620723e+00	1.620723e+00	1.620723e+00
1.722444e+00	1.621603e+00	1.621603e+00	1.621603e+00
1.720817e+00	1.623255e+00	1.623255e+00	1.623255e+00
1.720000e+00	1.624142e+00	1.624142e+00	1.624142e+00
1.718356e+00	1.625811e+00	1.625811e+00	1.625811e+00
1.717529e+00	1.626707e+00	1.626707e+00	1.626707e+00
1.715860e+00	1.628400e+00	1.628400e+00	1.628400e+00
1.715019e+00	1.629307e+00	1.629307e+00	1.629307e+00
1.713330e+00	1.631021e+00	1.631021e+00	1.631021e+00
1.712479e+00	1.631936e+00	1.631936e+00	1.631936e+00
1.710767e+00	1.633672e+00	1.633672e+00	1.633672e+00
1.709903e+00	1.634600e+00	1.634600e+00	1.634600e+00
1.708163e+00	1.636363e+00	1.636363e+00	1.636363e+00
1.707286e+00	1.637302e+00	1.637302e+00	1.637302e+00
1.705522e+00	1.639092e+00	1.639092e+00	1.639092e+00
1.704634e+00	1.640040e+00	1.640040e+00	1.640040e+00
1.702840e+00	1.641860e+00	1.641860e+00	1.641860e+00
1.701937e+00	1.642821e+00	1.642821e+00	1.642821e+00
1.700113e+00	1.644673e+00	1.644673e+00	1.644673e+00
1.698273e+00	1.646542e+00	1.646542e+00	1.646542e+00
1.697344e+00	1.647529e+00	1.647529e+00	1.647529e+00
1.695473e+00	1.649432e+00	1.649432e+00	1.649432e+00
1.694527e+00	1.650435e+00	1.650435e+00	1.650435e+00
1.692620e+00	1.652375e+00	1.652375e+00	1.652375e+00
1.691657e+00	1.653395e+00	1.653395e+00	1.653395e+00
1.689715e+00	1.655373e+00	1.655373e+00	1.655373e+00
1.688735e+00	1.656409e+00	1.656409e+00	1.656409e+00
1.686755e+00	1.658429e+00	1.658429e+00	1.658429e+00
1.685756e+00	1.659485e+00	1.659485e+00	1.659485e+00
1.040424e+00	2.688909e+00	2.688909e+00	2.688909e+00
1.039718e+00	2.690851e+00	2.690851e+00	2.690851e+00
1.039375e+00	2.691850e+00	2.691850e+00	2.691850e+00
1.040139e+00	2.689980e+00	2.689980e+00	2.689980e+00
1.677497e+00	1.668001e+00	1.668001e+00	1.668001e+00
1.676429e+00	1.669127e+00	1.669127e+00	1.669127e+00
1.674267e+00	1.671346e+00	1.671346e+00	1.671346e+00
1.673175e+00	1.672499e+00	1.672499e+00	1.672499e+00
1.670959e+00	1.674778e+00	1.674778e+00	1.674778e+00
1.669837e+00	1.675963e+00	1.675963e+00	1.675963e+00
1.667563e+00	1.678307e+00	1.678307e+00	1.678307e+00
1.666409e+00	1.679526e+00	1.679526e+00	1.679526e+00
1.664068e+00	1.681945e+00	1.681945e+00	1.681945e+00
1.662881e+00	1.683200e+00	1.683200e+00	1.683200e+00
1.660466e+00	1.685701e+00	1.685701e+00	1.685701e+00
1.659240e+00	1.687000e+00	1.687000e+00	1.687000e+00
1.656745e+00	1.689591e+00	1.689591e+00	1.689591e+00
1.655475e+00	1.690938e+00	1.690938e+00	1.690938e+00
1.652888e+00	1.693634e+00	1.693634e+00	1.693634e+00
1.651566e+00	1.695037e+00	1.695037e+00	1.695037e+00
1.648874e+00	1.697852e+00	1.697852e+00	1.697852e+00
1.647496e+00	1.699318e+00	1.699318e+00	1.699318e+00
1.644680e+00	1.702273e+00	1.702273e+00	1.702273e+00
1.643235e+00	1.703813e+00	1.703813e+00	1.703813e+00
1.640272e+00	1.706935e+00	1.706935e+00	1.706935e+00
1.638750e+00	1.708562e+00	1.708562e+00	1.708562e+00
1.635606e+00	1.711888e+00	1.711888e+00	1.711888e+00
1.632317e+00	1.715377e+00	1.715377e+00	1.715377e+00
1.630612e+00	1.717211e+00	1.717211e+00	1.717211e+00
1.627051e+00	1.721009e+00	1.721009e+00	1.721009e+00
1.625184e+00	1.723024e+00	1.723024e+00	1.723024e+00
1.621238e+00	1.727254e+00	1.727254e+00	1.727254e+00
1.619143e+00	1.729526e+00	1.729526e+00	1.729526e+00
1.614591e+00	1.734438e+00	1.734438e+00	1.734438e+00
1.612075e+00	1.737180e+00	1.737180e+00	1.737180e+00
1.606204e+00	1.743564e+00	1.743564e+00	1.743564e+00
1.602323e+00	1.747821e+00	1.747821e+00	1.747821e+00
