   1.7890066e+00   1.5487093e+00
   1.7890400e+00   1.5489717e+00
   1.7877693e+00   1.5503607e+00
   1.7864987e+00   1.5517481e+00
   1.7853034e+00   1.5530685e+00
   1.7846544e+00   1.5539114e+00
   1.7834190e+00   1.5552627e+00
   1.7828068e+00   1.5560683e+00
   1.7815597e+00   1.5574260e+00
   1.7809324e+00   1.5582398e+00
   1.7796773e+00   1.5596007e+00
   1.7790484e+00   1.5604108e+00
   1.7777771e+00   1.5617823e+00
   1.7771490e+00   1.5625868e+00
   1.7758721e+00   1.5639598e+00
   1.7752352e+00   1.5647672e+00
   1.7739549e+00   1.5661398e+00
   1.7733102e+00   1.5669494e+00
   1.7720185e+00   1.5683288e+00
   1.7713742e+00   1.5691334e+00
   1.7700637e+00   1.5705264e+00
   1.7694152e+00   1.5713303e+00
   1.7681046e+00   1.5727203e+00
   1.7674410e+00   1.5735331e+00
   1.7661262e+00   1.5749241e+00
   1.7654598e+00   1.5757352e+00
   1.7641260e+00   1.5771404e+00
   1.7634545e+00   1.5779518e+00
   1.7621155e+00   1.5793590e+00
   1.7614394e+00   1.5801705e+00
   1.7600808e+00   1.5815928e+00
   1.7594036e+00   1.5824013e+00
   1.7580361e+00   1.5838293e+00
   1.7573492e+00   1.5846427e+00
   1.7559705e+00   1.5860786e+00
   1.7552801e+00   1.5868914e+00
   1.7538903e+00   1.5883352e+00
   1.7531898e+00   1.5891537e+00
   1.7517862e+00   1.5906081e+00
   1.7510839e+00   1.5914246e+00
   1.7496657e+00   1.5928905e+00
   1.7489532e+00   1.5937128e+00
   1.7475247e+00   1.5951865e+00
   1.7460883e+00   1.5966673e+00
   1.7453649e+00   1.5974949e+00
   1.7439090e+00   1.5989922e+00
   1.7431794e+00   1.5998224e+00
   1.7417131e+00   1.6013280e+00
   1.7409774e+00   1.6021609e+00
   1.7394913e+00   1.6036836e+00
   1.7387472e+00   1.6045214e+00
   1.7372467e+00   1.6060565e+00
   1.7364962e+00   1.6068975e+00
   1.7349823e+00   1.6084443e+00
   1.7342191e+00   1.6092945e+00
   1.7326879e+00   1.6108567e+00
   1.7319175e+00   1.6117111e+00
   1.7303725e+00   1.6132858e+00
   1.7295924e+00   1.6141469e+00
   1.7280255e+00   1.6157418e+00
   1.7272366e+00   1.6166089e+00
   1.7256522e+00   1.6182203e+00
   1.7248569e+00   1.6190912e+00
   1.7232505e+00   1.6207235e+00
   1.7224441e+00   1.6216030e+00
   1.7208173e+00   1.6232548e+00
   1.7200004e+00   1.6241424e+00
   1.7183563e+00   1.6258111e+00
   1.7175286e+00   1.6267074e+00
   1.7158600e+00   1.6284001e+00
   1.7150195e+00   1.6293070e+00
   1.7133298e+00   1.6310208e+00
   1.7124787e+00   1.6319364e+00
   1.7107671e+00   1.6336723e+00
   1.7099025e+00   1.6345997e+00
   1.7081635e+00   1.6363634e+00
   1.7072864e+00   1.6373018e+00
   1.7055217e+00   1.6390918e+00
   1.7046338e+00   1.6400397e+00
   1.7028399e+00   1.6418599e+00
   1.7019374e+00   1.6428212e+00
   1.7001134e+00   1.6446727e+00
   1.6982732e+00   1.6465422e+00
   1.6973441e+00   1.6475292e+00
   1.6954728e+00   1.6494316e+00
   1.6945265e+00   1.6504351e+00
   1.6926197e+00   1.6523752e+00
   1.6916572e+00   1.6533947e+00
   1.6897148e+00   1.6553731e+00
   1.6887354e+00   1.6564092e+00
   1.6867549e+00   1.6584288e+00
   1.6857559e+00   1.6594848e+00
   1.0404245e+00   2.6889093e+00
   1.0397177e+00   2.6908509e+00
   1.0393749e+00   2.6918499e+00
   1.0401394e+00   2.6899803e+00
   1.6774966e+00   1.6680006e+00
   1.6764291e+00   1.6691275e+00
   1.6742674e+00   1.6713459e+00
   1.6731751e+00   1.6724991e+00
   1.6709589e+00   1.6747782e+00
   1.6698368e+00   1.6759631e+00
   1.6675628e+00   1.6783069e+00
   1.6664095e+00   1.6795255e+00
   1.6640678e+00   1.6819448e+00
   1.6628806e+00   1.6832003e+00
   1.6604662e+00   1.6857013e+00
   1.6592396e+00   1.6869998e+00
   1.6567448e+00   1.6895915e+00
   1.6554749e+00   1.6909377e+00
   1.6528876e+00   1.6936337e+00
   1.6515662e+00   1.6950369e+00
   1.6488739e+00   1.6978516e+00
   1.6474957e+00   1.6993180e+00
   1.6446795e+00   1.7022728e+00
   1.6432353e+00   1.7038130e+00
   1.6402715e+00   1.7069349e+00
   1.6387498e+00   1.7085622e+00
   1.6356057e+00   1.7118879e+00
   1.6323175e+00   1.7153770e+00
   1.6306116e+00   1.7172113e+00
   1.6270505e+00   1.7210086e+00
   1.6251836e+00   1.7230237e+00
   1.6212384e+00   1.7272540e+00
   1.6191427e+00   1.7295263e+00
   1.6145909e+00   1.7344381e+00
   1.6120748e+00   1.7371804e+00
   1.6062044e+00   1.7435641e+00
   1.6023232e+00   1.7478214e+00
