lnum = 86

1.016000e+00 0.000000e+00
1.016000e+00 9.640000e-01
1.016000e+00 9.680000e-01
1.016000e+00 1.001000e+00
1.016000e+00 1.019000e+00
1.016000e+00 1.077000e+00
1.016000e+00 1.070000e+00
1.016000e+00 1.096000e+00
1.016000e+00 1.113000e+00
1.016000e+00 1.138000e+00
1.016000e+00 1.147000e+00
1.012000e+00 1.165000e+00
1.001000e+00 1.217000e+00
1.029000e+00 1.217000e+00
1.042000e+00 1.162400e+00
1.046000e+00 1.162380e+00
1.056000e+00 1.162600e+00
1.097000e+00 1.164500e+00
1.108000e+00 1.165940e+00
1.116000e+00 1.165910e+00
1.134000e+00 1.168960e+00
1.148000e+00 1.171750e+00
1.162000e+00 1.175560e+00
1.181000e+00 1.183000e+00
1.182000e+00 1.183500e+00
1.185000e+00 1.185000e+00
1.190000e+00 1.188000e+00
1.195000e+00 1.191000e+00
1.201000e+00 1.196000e+00
1.209000e+00 1.202000e+00
1.215000e+00 1.208000e+00
1.222000e+00 1.214000e+00
1.228000e+00 1.221000e+00
1.234000e+00 1.231000e+00
1.239000e+00 1.238000e+00
1.242000e+00 1.244000e+00
1.248000e+00 1.254000e+00
1.258000e+00 1.278000e+00
1.263000e+00 1.290000e+00
1.280000e+00 1.331000e+00
1.280000e+00 1.347000e+00
1.280000e+00 1.348000e+00
1.310000e+00 1.348000e+00
1.328000e+00 1.348000e+00
1.361000e+00 1.348000e+00
1.380000e+00 1.348000e+00
1.419000e+00 1.348000e+00
1.419000e+00 1.310000e+00
1.372000e+00 1.310000e+00
1.372000e+00 1.292000e+00
1.608000e+00 1.095000e+00
1.647000e+00 1.077000e+00
1.785000e+00 1.077000e+00
2.070000e+00 1.040000e+00
2.128000e+00 9.930000e-01
2.245000e+00 7.090000e-01
2.323000e+00 5.190000e-01
2.377000e+00 3.890000e-01
2.362500e+00 4.000000e-01
2.364435e+00 2.220000e-01
2.364969e+00 1.330000e-01
2.365324e+00 4.400000e-02
2.365121e+00 -4.400000e-02
2.364842e+00 -1.330000e-01
2.364334e+00 -2.220000e-01
2.362500e+00 -4.000000e-01
2.377000e+00 -3.890000e-01
2.134000e+00 -9.730000e-01
1.786000e+00 -1.174000e+00
1.768000e+00 -1.211000e+00
1.768000e+00 -1.250000e+00
1.682000e+00 -1.250000e+00
1.372000e+00 -1.250000e+00
1.372000e+00 -1.329000e+00
1.420000e+00 -1.329000e+00
1.420000e+00 -1.363000e+00
1.273000e+00 -1.363000e+00
1.153000e+00 -1.363000e+00
1.016000e+00 -1.223000e+00
1.016000e+00 -1.223000e+00
1.016000e+00 -8.300000e-01
1.016000e+00 -8.000000e-01
1.016000e+00 -4.150000e-01
1.016000e+00 -4.000000e-01
1.016000e+00 -1.000000e-03
1.016000e+00 0.000000e+00

PFC
1.016000e+00 0.000000e+00
1.016000e+00 9.640000e-01
