   1.0160000e+00   0.0000000e+00
   1.0160000e+00   9.6400000e-01
   1.0160000e+00   9.6800000e-01
   1.0160000e+00   1.0010000e+00
   1.0160000e+00   1.0190000e+00
   1.0160000e+00   1.0770000e+00
   1.0160000e+00   1.0700000e+00
   1.0160000e+00   1.0960000e+00
   1.0160000e+00   1.1130000e+00
   1.0160000e+00   1.1380000e+00
   1.0160000e+00   1.1470000e+00
   1.0120000e+00   1.1650000e+00
   1.0010000e+00   1.2170000e+00
   1.0290000e+00   1.2170000e+00
   1.0420000e+00   1.1624000e+00
   1.0460000e+00   1.1623800e+00
   1.0560000e+00   1.1626000e+00
   1.0970000e+00   1.1645000e+00
   1.1080000e+00   1.1659400e+00
   1.1160000e+00   1.1659100e+00
   1.1340000e+00   1.1689600e+00
   1.1480000e+00   1.1717500e+00
   1.1620000e+00   1.1755600e+00
   1.1810000e+00   1.1830000e+00
   1.1820000e+00   1.1835000e+00
   1.1850000e+00   1.1850000e+00
   1.1900000e+00   1.1880000e+00
   1.1950000e+00   1.1910000e+00
   1.2010000e+00   1.1960000e+00
   1.2090000e+00   1.2020000e+00
   1.2150000e+00   1.2080000e+00
   1.2220000e+00   1.2140000e+00
   1.2280000e+00   1.2210000e+00
   1.2340000e+00   1.2310000e+00
   1.2390000e+00   1.2380000e+00
   1.2420000e+00   1.2440000e+00
   1.2480000e+00   1.2540000e+00
   1.2580000e+00   1.2780000e+00
   1.2630000e+00   1.2900000e+00
   1.2800000e+00   1.3310000e+00
   1.2800000e+00   1.3470000e+00
   1.2800000e+00   1.3480000e+00
   1.3100000e+00   1.3480000e+00
   1.3280000e+00   1.3480000e+00
   1.3610000e+00   1.3480000e+00
   1.3800000e+00   1.3480000e+00
   1.4190000e+00   1.3480000e+00
   1.4190000e+00   1.3100000e+00
   1.3720000e+00   1.3100000e+00
   1.3720000e+00   1.2920000e+00
   1.6080000e+00   1.0950000e+00
   1.6470000e+00   1.0770000e+00
   1.7850000e+00   1.0770000e+00
   2.0700000e+00   1.0400000e+00
   2.1280000e+00   9.9300000e-01
   2.2450000e+00   7.0900000e-01
   2.3230000e+00   5.1900000e-01
   2.3770000e+00   3.8900000e-01
   2.3625000e+00   4.0000000e-01
   2.3644350e+00   2.2200000e-01
   2.3649690e+00   1.3300000e-01
   2.3653240e+00   4.4000000e-02
   2.3651210e+00  -4.4000000e-02
   2.3648420e+00  -1.3300000e-01
   2.3643340e+00  -2.2200000e-01
   2.3625000e+00  -4.0000000e-01
   2.3770000e+00  -3.8900000e-01
   2.1340000e+00  -9.7300000e-01
   1.7860000e+00  -1.1740000e+00
   1.7680000e+00  -1.2110000e+00
   1.7680000e+00  -1.2500000e+00
   1.6820000e+00  -1.2500000e+00
   1.3720000e+00  -1.2500000e+00
   1.3720000e+00  -1.3290000e+00
   1.4200000e+00  -1.3290000e+00
   1.4200000e+00  -1.3630000e+00
   1.2730000e+00  -1.3630000e+00
   1.1530000e+00  -1.3630000e+00
   1.0160000e+00  -1.2230000e+00
   1.0160000e+00  -1.2230000e+00
   1.0160000e+00  -8.3000000e-01
   1.0160000e+00  -8.0000000e-01
   1.0160000e+00  -4.1500000e-01
   1.0160000e+00  -4.0000000e-01
   1.0160000e+00  -1.0000000e-03
   1.0160000e+00   0.0000000e+00
