1.497279e+00 -1.262501e+00
1.487099e+00 -1.257113e+00
1.476359e+00 -1.251484e+00
1.465094e+00 -1.245632e+00
1.453118e+00 -1.239453e+00
1.440181e+00 -1.232809e+00
1.426030e+00 -1.225552e+00
1.410724e+00 -1.217671e+00
1.393298e+00 -1.208572e+00
1.372818e+00 -1.197472e+00
1.364317e+00 -1.192753e+00
1.354953e+00 -1.187372e+00
1.344200e+00 -1.180865e+00
1.331473e+00 -1.172665e+00
1.315660e+00 -1.162182e+00
1.277264e+00 -1.141198e+00
1.323321e+00 -1.039171e+00
1.343974e+00 -9.966471e-01
1.361231e+00 -9.646804e-01
1.376425e+00 -9.377924e-01
1.390000e+00 -9.139530e-01
1.402334e+00 -8.921656e-01
1.413709e+00 -8.718987e-01
1.424300e+00 -8.528655e-01
1.434310e+00 -8.347348e-01
1.443818e+00 -8.173833e-01
1.452885e+00 -8.007219e-01
1.461589e+00 -7.846225e-01
1.470004e+00 -7.689585e-01
1.478109e+00 -7.537780e-01
1.486018e+00 -7.388806e-01
1.493696e+00 -7.243340e-01
1.501190e+00 -7.100566e-01
1.508531e+00 -6.959940e-01
1.515703e+00 -6.821826e-01
1.522779e+00 -6.684836e-01
1.529697e+00 -6.550185e-01
1.536561e+00 -6.415899e-01
1.543278e+00 -6.283785e-01
1.549977e+00 -6.151365e-01
1.556535e+00 -6.020983e-01
1.563105e+00 -5.889691e-01
1.569543e+00 -5.760305e-01
1.576018e+00 -5.629468e-01
1.582368e+00 -5.500383e-01
1.588776e+00 -5.369341e-01
1.595075e+00 -5.239720e-01
1.601437e+00 -5.107949e-01
1.607719e+00 -4.976963e-01
1.614057e+00 -4.843856e-01
1.620353e+00 -4.710635e-01
1.626689e+00 -4.575484e-01
1.633034e+00 -4.439016e-01
1.639392e+00 -4.301024e-01
1.645823e+00 -4.160084e-01
1.652227e+00 -4.018262e-01
1.658786e+00 -3.871379e-01
1.665301e+00 -3.723639e-01
1.671995e+00 -3.569814e-01
1.678724e+00 -3.412821e-01
1.685539e+00 -3.251217e-01
1.692558e+00 -3.081610e-01
1.699707e+00 -2.905208e-01
1.706982e+00 -2.721251e-01
1.714503e+00 -2.525682e-01
1.722393e+00 -2.313477e-01
1.730532e+00 -2.085137e-01
1.739232e+00 -1.828046e-01
1.748527e+00 -1.532630e-01
1.758742e+00 -1.159171e-01
1.771371e+00 -5.677742e-02
1.505380e+00 -1.246679e+00
1.495487e+00 -1.240635e+00
1.485109e+00 -1.234244e+00
1.474146e+00 -1.227406e+00
1.462684e+00 -1.220118e+00
1.450515e+00 -1.212156e+00
1.437375e+00 -1.203176e+00
1.423389e+00 -1.192980e+00
1.408207e+00 -1.180709e+00
1.392076e+00 -1.165214e+00
1.385797e+00 -1.158629e+00
1.379175e+00 -1.150839e+00
1.373100e+00 -1.142772e+00
1.366811e+00 -1.133531e+00
1.359803e+00 -1.123560e+00
1.350752e+00 -1.114131e+00
1.359757e+00 -1.054848e+00
1.368438e+00 -1.010663e+00
1.379195e+00 -9.755854e-01
1.390278e+00 -9.464202e-01
1.401262e+00 -9.210176e-01
1.411815e+00 -8.981336e-01
1.421906e+00 -8.770221e-01
1.431533e+00 -8.573088e-01
1.440735e+00 -8.387107e-01
1.449589e+00 -8.209666e-01
1.458145e+00 -8.039065e-01
1.466377e+00 -7.875390e-01
1.474394e+00 -7.716244e-01
1.482177e+00 -7.561758e-01
1.489741e+00 -7.411568e-01
1.497175e+00 -7.263784e-01
1.504400e+00 -7.119912e-01
1.511534e+00 -6.977581e-01
1.518497e+00 -6.838314e-01
1.525389e+00 -6.700130e-01
1.532142e+00 -6.564325e-01
1.538841e+00 -6.429185e-01
1.545421e+00 -6.296006e-01
1.551974e+00 -6.162915e-01
1.558412e+00 -6.031633e-01
1.564857e+00 -5.899727e-01
1.571184e+00 -5.769668e-01
1.577554e+00 -5.638171e-01
1.583795e+00 -5.508697e-01
1.590121e+00 -5.376864e-01
1.596316e+00 -5.247035e-01
1.602611e+00 -5.114417e-01
1.608797e+00 -4.983277e-01
1.615075e+00 -4.849380e-01
1.621285e+00 -4.716029e-01
1.627568e+00 -4.580157e-01
1.633834e+00 -4.443576e-01
1.640142e+00 -4.304930e-01
1.646501e+00 -4.163890e-01
1.652858e+00 -4.021522e-01
1.659353e+00 -3.874501e-01
1.665821e+00 -3.726341e-01
1.672460e+00 -3.572317e-01
1.679144e+00 -3.414945e-01
1.685906e+00 -3.253247e-01
1.692887e+00 -3.083216e-01
1.699985e+00 -2.906736e-01
1.707223e+00 -2.722476e-01
1.714702e+00 -2.526743e-01
1.722556e+00 -2.314274e-01
1.730659e+00 -2.085725e-01
1.739322e+00 -1.828516e-01
1.748585e+00 -1.532897e-01
1.758771e+00 -1.159301e-01
1.771373e+00 -5.677850e-02
1.528231e+00 -1.210938e+00
1.519287e+00 -1.203708e+00
1.510135e+00 -1.196056e+00
1.500825e+00 -1.187946e+00
1.491204e+00 -1.179121e+00
1.481427e+00 -1.169563e+00
1.471560e+00 -1.159125e+00
1.461621e+00 -1.147504e+00
1.452056e+00 -1.134859e+00
1.442855e+00 -1.120606e+00
1.439644e+00 -1.115294e+00
1.436491e+00 -1.109694e+00
1.433384e+00 -1.103763e+00
1.430433e+00 -1.097827e+00
1.427517e+00 -1.092096e+00
1.423980e+00 -1.086362e+00
1.418665e+00 -1.053086e+00
1.414367e+00 -1.019824e+00
1.413733e+00 -9.875894e-01
1.417249e+00 -9.579955e-01
1.423124e+00 -9.315009e-01
1.430144e+00 -9.073904e-01
1.437603e+00 -8.853559e-01
1.445275e+00 -8.647048e-01
1.452924e+00 -8.453570e-01
1.460524e+00 -8.269484e-01
1.467995e+00 -8.094105e-01
1.475351e+00 -7.925424e-01
1.482608e+00 -7.761959e-01
1.489694e+00 -7.604488e-01
1.496715e+00 -7.450103e-01
1.503577e+00 -7.300453e-01
1.510384e+00 -7.152919e-01
1.517049e+00 -7.009166e-01
1.523675e+00 -6.866794e-01
1.530171e+00 -6.727560e-01
1.536646e+00 -6.589026e-01
1.543007e+00 -6.453072e-01
1.549356e+00 -6.317443e-01
1.555614e+00 -6.183721e-01
1.561858e+00 -6.050226e-01
1.568045e+00 -5.917806e-01
1.574203e+00 -5.785778e-01
1.580344e+00 -5.653845e-01
1.586438e+00 -5.522616e-01
1.592560e+00 -5.390405e-01
1.598608e+00 -5.259335e-01
1.604736e+00 -5.126060e-01
1.610761e+00 -4.994439e-01
1.616919e+00 -4.859323e-01
1.622976e+00 -4.725691e-01
1.629156e+00 -4.588570e-01
1.635280e+00 -4.451793e-01
1.641498e+00 -4.311962e-01
1.647727e+00 -4.170746e-01
1.654000e+00 -4.027327e-01
1.660377e+00 -3.880125e-01
1.666759e+00 -3.731204e-01
1.673298e+00 -3.576825e-01
1.679903e+00 -3.418769e-01
1.686570e+00 -3.256838e-01
1.693480e+00 -3.086106e-01
1.700488e+00 -2.909488e-01
1.707657e+00 -2.724684e-01
1.715061e+00 -2.528654e-01
1.722850e+00 -2.315708e-01
1.730890e+00 -2.086726e-01
1.739484e+00 -1.829362e-01
1.748690e+00 -1.533377e-01
1.758822e+00 -1.159535e-01
1.771378e+00 -5.678043e-02
1.569718e+00 -1.162386e+00
1.562488e+00 -1.154739e+00
1.555321e+00 -1.146824e+00
1.548226e+00 -1.138602e+00
1.541135e+00 -1.129924e+00
1.534176e+00 -1.120872e+00
1.527435e+00 -1.111491e+00
1.520792e+00 -1.101507e+00
1.514586e+00 -1.091372e+00
1.508627e+00 -1.080691e+00
1.506464e+00 -1.076671e+00
1.504403e+00 -1.072704e+00
1.502418e+00 -1.068745e+00
1.500454e+00 -1.064702e+00
1.498486e+00 -1.060613e+00
1.496382e+00 -1.056511e+00
1.488648e+00 -1.035302e+00
1.481390e+00 -1.013005e+00
1.475830e+00 -9.897599e-01
1.472440e+00 -9.659784e-01
1.471258e+00 -9.424355e-01
1.471973e+00 -9.195853e-01
1.474168e+00 -8.976864e-01
1.477439e+00 -8.768603e-01
1.481494e+00 -8.569146e-01
1.486080e+00 -8.378927e-01
1.491024e+00 -8.197069e-01
1.496261e+00 -8.020886e-01
1.501636e+00 -7.852021e-01
1.507148e+00 -7.687842e-01
1.512739e+00 -7.528291e-01
1.518357e+00 -7.373462e-01
1.524046e+00 -7.221125e-01
1.529710e+00 -7.072994e-01
1.535424e+00 -6.926525e-01
1.541111e+00 -6.783157e-01
1.546812e+00 -6.641496e-01
1.552505e+00 -6.501702e-01
1.558182e+00 -6.363703e-01
1.563882e+00 -6.226361e-01
1.569550e+00 -6.090746e-01
1.575247e+00 -5.955276e-01
1.580924e+00 -5.820909e-01
1.586611e+00 -5.686864e-01
1.592309e+00 -5.552965e-01
1.597995e+00 -5.419596e-01
1.603725e+00 -5.285434e-01
1.609446e+00 -5.151510e-01
1.615203e+00 -5.016765e-01
1.620994e+00 -4.881067e-01
1.626776e+00 -4.745373e-01
1.632659e+00 -4.606959e-01
1.638508e+00 -4.468888e-01
1.644483e+00 -4.327328e-01
1.650437e+00 -4.185504e-01
1.656513e+00 -4.039970e-01
1.662628e+00 -3.892426e-01
1.668830e+00 -3.741608e-01
1.675139e+00 -3.586684e-01
1.681567e+00 -3.427128e-01
1.688035e+00 -3.264496e-01
1.694779e+00 -3.092422e-01
1.701590e+00 -2.915505e-01
1.708608e+00 -2.729507e-01
1.715847e+00 -2.532832e-01
1.723493e+00 -2.318842e-01
1.731396e+00 -2.088911e-01
1.739837e+00 -1.831208e-01
1.748918e+00 -1.534425e-01
1.758933e+00 -1.160044e-01
1.771387e+00 -5.678464e-02
1.624710e+00 -1.111232e+00
1.618932e+00 -1.104201e+00
1.613282e+00 -1.097057e+00
1.607778e+00 -1.089814e+00
1.602313e+00 -1.082306e+00
1.596962e+00 -1.074608e+00
1.591833e+00 -1.066866e+00
1.586830e+00 -1.058918e+00
1.581948e+00 -1.050717e+00
1.577348e+00 -1.042534e+00
1.575684e+00 -1.039509e+00
1.574040e+00 -1.036456e+00
1.572418e+00 -1.033375e+00
1.570813e+00 -1.030263e+00
1.569211e+00 -1.027102e+00
1.567608e+00 -1.023954e+00
1.560371e+00 -1.008536e+00
1.553427e+00 -9.923556e-01
1.547110e+00 -9.754237e-01
1.541655e+00 -9.579560e-01
1.537124e+00 -9.398833e-01
1.533636e+00 -9.214930e-01
1.531213e+00 -9.029940e-01
1.529812e+00 -8.844885e-01
1.529363e+00 -8.661067e-01
1.529770e+00 -8.479857e-01
1.530919e+00 -8.302507e-01
1.532703e+00 -8.128343e-01
1.535021e+00 -7.957901e-01
1.537776e+00 -7.791668e-01
1.540892e+00 -7.629469e-01
1.544308e+00 -7.470801e-01
1.547996e+00 -7.314442e-01
1.551886e+00 -7.161432e-01
1.555935e+00 -7.011691e-01
1.560157e+00 -6.863482e-01
1.564501e+00 -6.717574e-01
1.568938e+00 -6.574093e-01
1.573490e+00 -6.431609e-01
1.578123e+00 -6.290667e-01
1.582814e+00 -6.151417e-01
1.587593e+00 -6.012609e-01
1.592443e+00 -5.874363e-01
1.597302e+00 -5.738115e-01
1.602297e+00 -5.600118e-01
1.607289e+00 -5.463869e-01
1.612356e+00 -5.327095e-01
1.617488e+00 -5.189853e-01
1.622639e+00 -5.053205e-01
1.627900e+00 -4.914561e-01
1.633173e+00 -4.776304e-01
1.638538e+00 -4.636242e-01
1.643950e+00 -4.495362e-01
1.649447e+00 -4.352483e-01
1.655027e+00 -4.207551e-01
1.660677e+00 -4.060683e-01
1.666432e+00 -3.910742e-01
1.672250e+00 -3.758672e-01
1.678220e+00 -3.601831e-01
1.684309e+00 -3.440807e-01
1.690464e+00 -3.276618e-01
1.696914e+00 -3.102750e-01
1.703410e+00 -2.925144e-01
1.710176e+00 -2.737206e-01
1.717159e+00 -2.539006e-01
1.724544e+00 -2.323955e-01
1.732221e+00 -2.092472e-01
1.740413e+00 -1.834219e-01
1.749289e+00 -1.536131e-01
1.759114e+00 -1.160872e-01
1.771401e+00 -5.679144e-02
1.686122e+00 -1.059717e+00
1.681256e+00 -1.053671e+00
1.676512e+00 -1.047595e+00
1.671877e+00 -1.041470e+00
1.667308e+00 -1.035237e+00
1.662801e+00 -1.028880e+00
1.658391e+00 -1.022442e+00
1.654161e+00 -1.016050e+00
1.650010e+00 -1.009544e+00
1.645894e+00 -1.002854e+00
1.644391e+00 -1.000376e+00
1.642953e+00 -9.979755e-01
1.641531e+00 -9.955706e-01
1.640123e+00 -9.931579e-01
1.638724e+00 -9.907321e-01
1.637278e+00 -9.881992e-01
1.630450e+00 -9.760677e-01
1.623921e+00 -9.636181e-01
1.617608e+00 -9.505154e-01
1.611739e+00 -9.371445e-01
1.606218e+00 -9.231841e-01
1.601207e+00 -9.089143e-01
1.596714e+00 -8.942876e-01
1.592748e+00 -8.792321e-01
1.589392e+00 -8.639862e-01
1.586641e+00 -8.485310e-01
1.584510e+00 -8.330122e-01
1.582970e+00 -8.173618e-01
1.582008e+00 -8.016736e-01
1.581600e+00 -7.860605e-01
1.581702e+00 -7.705126e-01
1.582277e+00 -7.550919e-01
1.583280e+00 -7.398062e-01
1.584676e+00 -7.246293e-01
1.586426e+00 -7.095745e-01
1.588490e+00 -6.946773e-01
1.590837e+00 -6.799413e-01
1.593435e+00 -6.653523e-01
1.596252e+00 -6.509448e-01
1.599299e+00 -6.365343e-01
1.602526e+00 -6.222604e-01
1.605923e+00 -6.080764e-01
1.609461e+00 -5.940308e-01
1.613166e+00 -5.799519e-01
1.617011e+00 -5.658958e-01
1.620950e+00 -5.519752e-01
1.625036e+00 -5.379674e-01
1.629227e+00 -5.239747e-01
1.633543e+00 -5.099021e-01
1.637933e+00 -4.958856e-01
1.642478e+00 -4.816400e-01
1.647096e+00 -4.673915e-01
1.651804e+00 -4.530713e-01
1.656681e+00 -4.384122e-01
1.661581e+00 -4.238310e-01
1.666684e+00 -4.087730e-01
1.671869e+00 -3.935657e-01
1.677136e+00 -3.781872e-01
1.682645e+00 -3.621498e-01
1.688192e+00 -3.459979e-01
1.693965e+00 -3.291678e-01
1.699923e+00 -3.117183e-01
1.706038e+00 -2.936789e-01
1.712380e+00 -2.747799e-01
1.719022e+00 -2.546850e-01
1.726012e+00 -2.331060e-01
1.733369e+00 -2.097412e-01
1.741216e+00 -1.838401e-01
1.749805e+00 -1.538494e-01
1.759364e+00 -1.162019e-01
1.771421e+00 -5.680078e-02
1.748584e+00 -1.007364e+00
1.744306e+00 -1.002297e+00
1.740109e+00 -9.972015e-01
1.736008e+00 -9.921018e-01
1.731965e+00 -9.869479e-01
1.727948e+00 -9.816954e-01
1.723957e+00 -9.763370e-01
1.720134e+00 -9.710666e-01
1.716402e+00 -9.657819e-01
1.712677e+00 -9.603661e-01
1.711315e+00 -9.583658e-01
1.709961e+00 -9.563583e-01
1.708616e+00 -9.543435e-01
1.707278e+00 -9.523214e-01
1.705948e+00 -9.502920e-01
1.704684e+00 -9.483441e-01
1.698331e+00 -9.385374e-01
1.692116e+00 -9.284635e-01
1.686051e+00 -9.180744e-01
1.680153e+00 -9.073895e-01
1.674438e+00 -8.963830e-01
1.668939e+00 -8.850555e-01
1.663697e+00 -8.734411e-01
1.658701e+00 -8.614627e-01
1.654005e+00 -8.491825e-01
1.649661e+00 -8.366923e-01
1.645616e+00 -8.237861e-01
1.641966e+00 -8.107068e-01
1.638705e+00 -7.974043e-01
1.635844e+00 -7.838985e-01
1.633379e+00 -7.701442e-01
1.631335e+00 -7.562741e-01
1.629706e+00 -7.422946e-01
1.628487e+00 -7.282352e-01
1.627665e+00 -7.141047e-01
1.627229e+00 -6.999425e-01
1.627162e+00 -6.857260e-01
1.627447e+00 -6.715149e-01
1.628068e+00 -6.572852e-01
1.629003e+00 -6.430659e-01
1.630234e+00 -6.288742e-01
1.631747e+00 -6.146696e-01
1.633512e+00 -6.005472e-01
1.635531e+00 -5.863636e-01
1.637773e+00 -5.722285e-01
1.640253e+00 -5.579671e-01
1.642929e+00 -5.437409e-01
1.645793e+00 -5.295213e-01
1.648843e+00 -5.152490e-01
1.652067e+00 -5.009386e-01
1.655500e+00 -4.863857e-01
1.659060e+00 -4.719005e-01
1.662790e+00 -4.572611e-01
1.666708e+00 -4.423744e-01
1.670762e+00 -4.274002e-01
1.674991e+00 -4.121559e-01
1.679367e+00 -3.967278e-01
1.683948e+00 -3.808768e-01
1.688670e+00 -3.647841e-01
1.693575e+00 -3.482881e-01
1.698713e+00 -3.311721e-01
1.704023e+00 -3.135936e-01
1.709594e+00 -2.952228e-01
1.715359e+00 -2.761979e-01
1.721533e+00 -2.557206e-01
1.727988e+00 -2.340579e-01
1.734910e+00 -2.104014e-01
1.742293e+00 -1.843999e-01
1.750494e+00 -1.541647e-01
1.759697e+00 -1.163544e-01
1.771448e+00 -5.681307e-02
1.809856e+00 -9.531651e-01
1.805985e+00 -9.489166e-01
1.802230e+00 -9.447169e-01
1.798519e+00 -9.404852e-01
1.794826e+00 -9.361931e-01
1.791139e+00 -9.318224e-01
1.787498e+00 -9.274191e-01
1.783948e+00 -9.230419e-01
1.780470e+00 -9.186709e-01
1.777017e+00 -9.142513e-01
1.775755e+00 -9.126247e-01
1.774499e+00 -9.109949e-01
1.773248e+00 -9.093621e-01
1.772003e+00 -9.077260e-01
1.770764e+00 -9.060855e-01
1.769459e+00 -9.043436e-01
1.763433e+00 -8.963001e-01
1.757509e+00 -8.880862e-01
1.751599e+00 -8.795609e-01
1.745820e+00 -8.708777e-01
1.740137e+00 -8.619720e-01
1.734529e+00 -8.527862e-01
1.729087e+00 -8.434420e-01
1.723717e+00 -8.337549e-01
1.718517e+00 -8.238650e-01
1.713469e+00 -8.137112e-01
1.708575e+00 -8.032595e-01
1.703904e+00 -7.926234e-01
1.699396e+00 -7.816287e-01
1.695121e+00 -7.703961e-01
1.691107e+00 -7.589702e-01
1.687318e+00 -7.472086e-01
1.683803e+00 -7.352060e-01
1.680583e+00 -7.230087e-01
1.677668e+00 -7.106190e-01
1.675048e+00 -6.979686e-01
1.672739e+00 -6.850894e-01
1.670760e+00 -6.720687e-01
1.669107e+00 -6.588765e-01
1.667784e+00 -6.455599e-01
1.666785e+00 -6.320946e-01
1.666108e+00 -6.185070e-01
1.665748e+00 -6.048091e-01
1.665698e+00 -5.909704e-01
1.665950e+00 -5.770774e-01
1.666499e+00 -5.629991e-01
1.667330e+00 -5.489183e-01
1.668444e+00 -5.346256e-01
1.669819e+00 -5.203103e-01
1.671455e+00 -5.058599e-01
1.673342e+00 -4.912876e-01
1.675458e+00 -4.766787e-01
1.677838e+00 -4.617466e-01
1.680439e+00 -4.467083e-01
1.683281e+00 -4.314100e-01
1.686339e+00 -4.159360e-01
1.689590e+00 -4.003612e-01
1.693139e+00 -3.841585e-01
1.696888e+00 -3.677348e-01
1.700832e+00 -3.510792e-01
1.705087e+00 -3.336574e-01
1.709597e+00 -3.156758e-01
1.714319e+00 -2.972476e-01
1.719395e+00 -2.777690e-01
1.724843e+00 -2.570742e-01
1.730619e+00 -2.352198e-01
1.736931e+00 -2.112627e-01
1.743729e+00 -1.850471e-01
1.751390e+00 -1.545731e-01
1.760128e+00 -1.165515e-01
1.771482e+00 -5.682871e-02
1.868726e+00 -8.970179e-01
1.865265e+00 -8.935246e-01
1.861821e+00 -8.899968e-01
1.858367e+00 -8.864047e-01
1.854945e+00 -8.827916e-01
1.851556e+00 -8.791578e-01
1.848192e+00 -8.754956e-01
1.844881e+00 -8.718368e-01
1.841628e+00 -8.681901e-01
1.838407e+00 -8.645297e-01
1.837226e+00 -8.631805e-01
1.836049e+00 -8.618295e-01
1.834860e+00 -8.604567e-01
1.833671e+00 -8.590759e-01
1.832485e+00 -8.576919e-01
1.831289e+00 -8.562873e-01
1.825557e+00 -8.495543e-01
1.819884e+00 -8.426988e-01
1.814237e+00 -8.356694e-01
1.808643e+00 -8.285000e-01
1.803060e+00 -8.211289e-01
1.797576e+00 -8.136580e-01
1.792087e+00 -8.059312e-01
1.786669e+00 -7.980404e-01
1.781338e+00 -7.899918e-01
1.776029e+00 -7.816727e-01
1.770836e+00 -7.732065e-01
1.765690e+00 -7.644643e-01
1.760647e+00 -7.555123e-01
1.755729e+00 -7.463703e-01
1.750873e+00 -7.368943e-01
1.746176e+00 -7.272368e-01
1.741615e+00 -7.173273e-01
1.737174e+00 -7.070967e-01
1.732925e+00 -6.966677e-01
1.728854e+00 -6.859812e-01
1.724949e+00 -6.749583e-01
1.721260e+00 -6.636959e-01
1.717818e+00 -6.522503e-01
1.714580e+00 -6.404428e-01
1.711595e+00 -6.283904e-01
1.708872e+00 -6.160811e-01
1.706434e+00 -6.035920e-01
1.704272e+00 -5.908369e-01
1.702401e+00 -5.778622e-01
1.700814e+00 -5.645522e-01
1.699541e+00 -5.511238e-01
1.698566e+00 -5.373688e-01
1.697905e+00 -5.235199e-01
1.697550e+00 -5.093448e-01
1.697504e+00 -4.950329e-01
1.697765e+00 -4.804721e-01
1.698333e+00 -4.656557e-01
1.699199e+00 -4.507084e-01
1.700377e+00 -4.353519e-01
1.701844e+00 -4.198532e-01
1.703614e+00 -4.040275e-01
1.705706e+00 -3.876717e-01
1.708082e+00 -3.710899e-01
1.710772e+00 -3.540293e-01
1.713782e+00 -3.364246e-01
1.717094e+00 -3.183695e-01
1.720769e+00 -2.994987e-01
1.724831e+00 -2.796478e-01
1.729263e+00 -2.588608e-01
1.734194e+00 -2.364702e-01
1.739610e+00 -2.123963e-01
1.745665e+00 -1.857373e-01
1.752563e+00 -1.551067e-01
1.760691e+00 -1.168084e-01
1.771525e+00 -5.684868e-02
1.925114e+00 -8.388422e-01
1.921869e+00 -8.358407e-01
1.918646e+00 -8.328269e-01
1.915435e+00 -8.297883e-01
1.912221e+00 -8.267110e-01
1.909052e+00 -8.236413e-01
1.905943e+00 -8.205941e-01
1.902850e+00 -8.175290e-01
1.899757e+00 -8.144307e-01
1.896676e+00 -8.113108e-01
1.895548e+00 -8.101641e-01
1.894423e+00 -8.090163e-01
1.893301e+00 -8.078674e-01
1.892183e+00 -8.067172e-01
1.891066e+00 -8.055640e-01
1.889882e+00 -8.043358e-01
1.884455e+00 -7.987045e-01
1.879036e+00 -7.929604e-01
1.873620e+00 -7.870919e-01
1.868189e+00 -7.810749e-01
1.862803e+00 -7.749711e-01
1.857402e+00 -7.687084e-01
1.852046e+00 -7.623449e-01
1.846687e+00 -7.558174e-01
1.841332e+00 -7.491232e-01
1.836041e+00 -7.423299e-01
1.830722e+00 -7.353064e-01
1.825463e+00 -7.281554e-01
1.820221e+00 -7.208093e-01
1.814999e+00 -7.132554e-01
1.809860e+00 -7.055701e-01
1.804703e+00 -6.975844e-01
1.799629e+00 -6.894338e-01
1.794621e+00 -6.810746e-01
1.789644e+00 -6.724202e-01
1.784775e+00 -6.635831e-01
1.779968e+00 -6.544546e-01
1.775248e+00 -6.450443e-01
1.770665e+00 -6.354273e-01
1.766172e+00 -6.254689e-01
1.761800e+00 -6.151908e-01
1.757618e+00 -6.047226e-01
1.753556e+00 -5.938413e-01
1.749673e+00 -5.826493e-01
1.746010e+00 -5.712160e-01
1.742549e+00 -5.594385e-01
1.739299e+00 -5.472768e-01
1.736286e+00 -5.347537e-01
1.733560e+00 -5.220097e-01
1.731097e+00 -5.088781e-01
1.728928e+00 -4.954306e-01
1.727048e+00 -4.815395e-01
1.725490e+00 -4.673188e-01
1.724266e+00 -4.528133e-01
1.723374e+00 -4.378237e-01
1.722837e+00 -4.226077e-01
1.722653e+00 -4.068440e-01
1.722835e+00 -3.906832e-01
1.723389e+00 -3.741791e-01
1.724335e+00 -3.569901e-01
1.725673e+00 -3.392824e-01
1.727407e+00 -3.210686e-01
1.729568e+00 -3.020891e-01
1.732215e+00 -2.819024e-01
1.735342e+00 -2.606570e-01
1.738986e+00 -2.381249e-01
1.743216e+00 -2.138778e-01
1.748243e+00 -1.866500e-01
1.754126e+00 -1.558147e-01
1.761437e+00 -1.171481e-01
1.771580e+00 -5.687435e-02
1.978794e+00 -7.783414e-01
1.975712e+00 -7.757525e-01
1.972671e+00 -7.731760e-01
1.969658e+00 -7.706028e-01
1.966644e+00 -7.680067e-01
1.963635e+00 -7.653938e-01
1.960646e+00 -7.627756e-01
1.957675e+00 -7.601523e-01
1.954708e+00 -7.575112e-01
1.951743e+00 -7.548505e-01
1.950656e+00 -7.538720e-01
1.949572e+00 -7.528928e-01
1.948491e+00 -7.519135e-01
1.947413e+00 -7.509347e-01
1.946338e+00 -7.499550e-01
1.945217e+00 -7.489299e-01
1.940027e+00 -7.441847e-01
1.934762e+00 -7.392912e-01
1.929532e+00 -7.343440e-01
1.924260e+00 -7.292669e-01
1.919012e+00 -7.241234e-01
1.913775e+00 -7.188951e-01
1.908504e+00 -7.135345e-01
1.903268e+00 -7.081058e-01
1.897984e+00 -7.025205e-01
1.892721e+00 -6.968429e-01
1.887463e+00 -6.910505e-01
1.882164e+00 -6.850871e-01
1.876911e+00 -6.790403e-01
1.871607e+00 -6.727926e-01
1.866322e+00 -6.664145e-01
1.861053e+00 -6.598939e-01
1.855748e+00 -6.531555e-01
1.850497e+00 -6.462995e-01
1.845193e+00 -6.391740e-01
1.839934e+00 -6.318929e-01
1.834710e+00 -6.244297e-01
1.829441e+00 -6.166493e-01
1.824261e+00 -6.087278e-01
1.819081e+00 -6.005101e-01
1.813921e+00 -5.919977e-01
1.808857e+00 -5.832918e-01
1.803803e+00 -5.742122e-01
1.798825e+00 -5.648409e-01
1.793943e+00 -5.551766e-01
1.789124e+00 -5.451115e-01
1.784448e+00 -5.347618e-01
1.779887e+00 -5.240207e-01
1.775428e+00 -5.127864e-01
1.771209e+00 -5.013407e-01
1.767102e+00 -4.892713e-01
1.763241e+00 -4.768666e-01
1.759590e+00 -4.639318e-01
1.756252e+00 -4.507309e-01
1.753111e+00 -4.366833e-01
1.750332e+00 -4.223392e-01
1.747870e+00 -4.073568e-01
1.745785e+00 -3.918813e-01
1.744100e+00 -3.759207e-01
1.742811e+00 -3.590978e-01
1.741971e+00 -3.416206e-01
1.741610e+00 -3.235245e-01
1.741751e+00 -3.043730e-01
1.742434e+00 -2.842266e-01
1.743701e+00 -2.629187e-01
1.745616e+00 -2.400604e-01
1.748258e+00 -2.152754e-01
1.751745e+00 -1.878784e-01
1.756254e+00 -1.567595e-01
1.762443e+00 -1.176049e-01
1.771537e+00 -5.685412e-02
2.029482e+00 -7.153986e-01
2.026534e+00 -7.131891e-01
2.023601e+00 -7.109758e-01
2.020667e+00 -7.087464e-01
2.017737e+00 -7.065050e-01
2.014821e+00 -7.042583e-01
2.011920e+00 -7.020080e-01
2.009039e+00 -6.997566e-01
2.006170e+00 -6.974987e-01
2.003311e+00 -6.952336e-01
2.002262e+00 -6.944011e-01
2.001216e+00 -6.935679e-01
2.000172e+00 -6.927339e-01
1.999129e+00 -6.918993e-01
1.998088e+00 -6.910639e-01
1.996976e+00 -6.901685e-01
1.991941e+00 -6.861155e-01
1.986842e+00 -6.819544e-01
1.981766e+00 -6.777539e-01
1.976623e+00 -6.734434e-01
1.971509e+00 -6.691015e-01
1.966371e+00 -6.646790e-01
1.961207e+00 -6.601693e-01
1.956068e+00 -6.556142e-01
1.950865e+00 -6.509317e-01
1.945672e+00 -6.461831e-01
1.940464e+00 -6.413429e-01
1.935207e+00 -6.363741e-01
1.929978e+00 -6.313454e-01
1.924688e+00 -6.261660e-01
1.919390e+00 -6.208812e-01
1.914079e+00 -6.154816e-01
1.908709e+00 -6.099122e-01
1.903376e+00 -6.042634e-01
1.897967e+00 -5.984118e-01
1.892546e+00 -5.924138e-01
1.887114e+00 -5.862619e-01
1.881638e+00 -5.799058e-01
1.876193e+00 -5.734222e-01
1.870640e+00 -5.666313e-01
1.865132e+00 -5.597014e-01
1.859602e+00 -5.525358e-01
1.854026e+00 -5.450816e-01
1.848477e+00 -5.374135e-01
1.842887e+00 -5.294139e-01
1.837353e+00 -5.211925e-01
1.831743e+00 -5.125252e-01
1.826222e+00 -5.036231e-01
1.820705e+00 -4.943142e-01
1.815190e+00 -4.845457e-01
1.809831e+00 -4.745351e-01
1.804405e+00 -4.638084e-01
1.799179e+00 -4.528075e-01
1.794009e+00 -4.411615e-01
1.788995e+00 -4.289857e-01
1.784169e+00 -4.162443e-01
1.779539e+00 -4.028401e-01
1.775116e+00 -3.886157e-01
1.771073e+00 -3.739636e-01
1.767269e+00 -3.581564e-01
1.763877e+00 -3.415550e-01
1.760967e+00 -3.242095e-01
1.758529e+00 -3.056304e-01
1.756669e+00 -2.859086e-01
1.755449e+00 -2.647624e-01
1.754966e+00 -2.419986e-01
1.755327e+00 -2.171768e-01
1.756684e+00 -1.895448e-01
1.759295e+00 -1.575978e-01
1.763833e+00 -1.182338e-01
1.771678e+00 -5.692017e-02
2.076436e+00 -6.494199e-01
2.073553e+00 -6.475460e-01
2.070679e+00 -6.456660e-01
2.067818e+00 -6.437819e-01
2.064971e+00 -6.418944e-01
2.062135e+00 -6.400004e-01
2.059298e+00 -6.380933e-01
2.056469e+00 -6.361779e-01
2.053654e+00 -6.342594e-01
2.050852e+00 -6.323387e-01
2.049822e+00 -6.316317e-01
2.048795e+00 -6.309245e-01
2.047769e+00 -6.302170e-01
2.046738e+00 -6.295047e-01
2.045710e+00 -6.287921e-01
2.044660e+00 -6.280634e-01
2.039691e+00 -6.246130e-01
2.034728e+00 -6.211268e-01
2.029703e+00 -6.175581e-01
2.024702e+00 -6.139654e-01
2.019676e+00 -6.103127e-01
2.014619e+00 -6.065924e-01
2.009587e+00 -6.028463e-01
2.004482e+00 -5.989978e-01
1.999374e+00 -5.950965e-01
1.994264e+00 -5.911417e-01
1.989084e+00 -5.870775e-01
1.983931e+00 -5.829765e-01
1.978721e+00 -5.787709e-01
1.973489e+00 -5.744844e-01
1.968246e+00 -5.701225e-01
1.962903e+00 -5.656078e-01
1.957589e+00 -5.610440e-01
1.952214e+00 -5.563496e-01
1.946811e+00 -5.515487e-01
1.941387e+00 -5.466425e-01
1.935844e+00 -5.415353e-01
1.930332e+00 -5.363572e-01
1.924736e+00 -5.309941e-01
1.919129e+00 -5.255071e-01
1.913443e+00 -5.198211e-01
1.907680e+00 -5.139244e-01
1.901933e+00 -5.079026e-01
1.896089e+00 -5.016241e-01
1.890224e+00 -4.951564e-01
1.884224e+00 -4.883539e-01
1.878258e+00 -4.813869e-01
1.872218e+00 -4.741101e-01
1.866081e+00 -4.664710e-01
1.859934e+00 -4.585423e-01
1.853764e+00 -4.502765e-01
1.847500e+00 -4.415404e-01
1.841198e+00 -4.323573e-01
1.834970e+00 -4.228355e-01
1.828572e+00 -4.125440e-01
1.822353e+00 -4.019505e-01
1.815984e+00 -3.904104e-01
1.809843e+00 -3.784759e-01
1.803616e+00 -3.654074e-01
1.797682e+00 -3.518045e-01
1.791779e+00 -3.368620e-01
1.786239e+00 -3.210999e-01
1.780999e+00 -3.040295e-01
1.776126e+00 -2.853090e-01
1.771865e+00 -2.652098e-01
1.768282e+00 -2.431699e-01
1.765535e+00 -2.185669e-01
1.763884e+00 -1.908463e-01
1.763663e+00 -1.587289e-01
1.765846e+00 -1.191393e-01
1.771882e+00 -5.701558e-02
2.118777e+00 -5.802998e-01
2.115970e+00 -5.787562e-01
2.113161e+00 -5.772017e-01
2.110361e+00 -5.756417e-01
2.107575e+00 -5.740802e-01
2.104803e+00 -5.725165e-01
2.102042e+00 -5.709489e-01
2.099281e+00 -5.693715e-01
2.096527e+00 -5.677891e-01
2.093786e+00 -5.662040e-01
2.092782e+00 -5.656216e-01
2.091779e+00 -5.650388e-01
2.090777e+00 -5.644554e-01
2.089773e+00 -5.638698e-01
2.088771e+00 -5.632837e-01
2.087744e+00 -5.626818e-01
2.082858e+00 -5.598170e-01
2.077969e+00 -5.569187e-01
2.073063e+00 -5.539764e-01
2.068130e+00 -5.509839e-01
2.063212e+00 -5.479656e-01
2.058236e+00 -5.448754e-01
2.053255e+00 -5.417450e-01
2.048285e+00 -5.385844e-01
2.043239e+00 -5.353365e-01
2.038212e+00 -5.320608e-01
2.033154e+00 -5.287240e-01
2.028049e+00 -5.253130e-01
2.022943e+00 -5.218580e-01
2.017743e+00 -5.182930e-01
2.012542e+00 -5.146791e-01
2.007325e+00 -5.110041e-01
2.002022e+00 -5.072159e-01
1.996741e+00 -5.033890e-01
1.991364e+00 -4.994352e-01
1.985932e+00 -4.953807e-01
1.980472e+00 -4.912413e-01
1.974917e+00 -4.869613e-01
1.969376e+00 -4.826211e-01
1.963720e+00 -4.781139e-01
1.958044e+00 -4.735103e-01
1.952237e+00 -4.687134e-01
1.946376e+00 -4.637776e-01
1.940482e+00 -4.587139e-01
1.934475e+00 -4.534437e-01
1.928436e+00 -4.480294e-01
1.922197e+00 -4.423072e-01
1.915967e+00 -4.364507e-01
1.909589e+00 -4.303015e-01
1.903207e+00 -4.239793e-01
1.896553e+00 -4.171991e-01
1.889929e+00 -4.102368e-01
1.883126e+00 -4.028494e-01
1.876268e+00 -3.951367e-01
1.869153e+00 -3.868269e-01
1.862116e+00 -3.782563e-01
1.854766e+00 -3.688992e-01
1.847404e+00 -3.590465e-01
1.839942e+00 -3.484946e-01
1.832288e+00 -3.369932e-01
1.824737e+00 -3.248240e-01
1.816890e+00 -3.111538e-01
1.809286e+00 -2.966139e-01
1.801577e+00 -2.802166e-01
1.794119e+00 -2.621208e-01
1.786984e+00 -2.417758e-01
1.780440e+00 -2.187772e-01
1.774714e+00 -1.919391e-01
1.770413e+00 -1.603118e-01
1.769005e+00 -1.205499e-01
1.772198e+00 -5.716284e-02
2.155831e+00 -5.086962e-01
2.153118e+00 -5.074335e-01
2.150411e+00 -5.061651e-01
2.147713e+00 -5.048921e-01
2.145024e+00 -5.036150e-01
2.142344e+00 -5.023341e-01
2.139661e+00 -5.010430e-01
2.136986e+00 -4.997475e-01
2.134321e+00 -4.984487e-01
2.131667e+00 -4.971467e-01
2.130693e+00 -4.966680e-01
2.129718e+00 -4.961877e-01
2.128745e+00 -4.957069e-01
2.127772e+00 -4.952255e-01
2.126798e+00 -4.947423e-01
2.125764e+00 -4.942281e-01
2.121066e+00 -4.918921e-01
2.116330e+00 -4.895118e-01
2.111546e+00 -4.870815e-01
2.106755e+00 -4.846215e-01
2.101975e+00 -4.821409e-01
2.097132e+00 -4.796009e-01
2.092295e+00 -4.770360e-01
2.087440e+00 -4.744338e-01
2.082516e+00 -4.717651e-01
2.077600e+00 -4.690713e-01
2.072636e+00 -4.663212e-01
2.067632e+00 -4.635164e-01
2.062644e+00 -4.606886e-01
2.057558e+00 -4.577716e-01
2.052469e+00 -4.548185e-01
2.047360e+00 -4.518176e-01
2.042148e+00 -4.487195e-01
2.036930e+00 -4.455783e-01
2.031616e+00 -4.423389e-01
2.026270e+00 -4.390368e-01
2.020907e+00 -4.356796e-01
2.015422e+00 -4.321991e-01
2.009952e+00 -4.286796e-01
2.004359e+00 -4.250291e-01
1.998689e+00 -4.212723e-01
1.992944e+00 -4.174076e-01
1.987101e+00 -4.134137e-01
1.981246e+00 -4.093444e-01
1.975222e+00 -4.050869e-01
1.969196e+00 -4.007511e-01
1.962944e+00 -3.961696e-01
1.956649e+00 -3.914650e-01
1.950186e+00 -3.865360e-01
1.943693e+00 -3.814756e-01
1.937013e+00 -3.761527e-01
1.930202e+00 -3.705945e-01
1.923135e+00 -3.646792e-01
1.916050e+00 -3.585832e-01
1.908714e+00 -3.520865e-01
1.901218e+00 -3.452377e-01
1.893409e+00 -3.378582e-01
1.885497e+00 -3.300954e-01
1.877356e+00 -3.217788e-01
1.868794e+00 -3.126340e-01
1.860170e+00 -3.029394e-01
1.851108e+00 -2.921644e-01
1.841746e+00 -2.802807e-01
1.832081e+00 -2.670388e-01
1.822261e+00 -2.523114e-01
1.811901e+00 -2.349839e-01
1.801460e+00 -2.148600e-01
1.791117e+00 -1.908135e-01
1.781342e+00 -1.610057e-01
1.774340e+00 -1.216330e-01
1.772713e+00 -5.740225e-02
2.188106e+00 -4.353250e-01
2.185518e+00 -4.342885e-01
2.182936e+00 -4.332488e-01
2.180353e+00 -4.322030e-01
2.177772e+00 -4.311520e-01
2.175195e+00 -4.300975e-01
2.172624e+00 -4.290398e-01
2.170060e+00 -4.279789e-01
2.167498e+00 -4.269126e-01
2.164936e+00 -4.258404e-01
2.163995e+00 -4.254457e-01
2.163055e+00 -4.250505e-01
2.162115e+00 -4.246548e-01
2.161176e+00 -4.242585e-01
2.160237e+00 -4.238616e-01
2.159233e+00 -4.234363e-01
2.154712e+00 -4.215206e-01
2.150085e+00 -4.195422e-01
2.145458e+00 -4.175449e-01
2.140818e+00 -4.155233e-01
2.136135e+00 -4.134635e-01
2.131453e+00 -4.113849e-01
2.126744e+00 -4.092744e-01
2.121991e+00 -4.071237e-01
2.117243e+00 -4.049553e-01
2.112446e+00 -4.027433e-01
2.107609e+00 -4.004915e-01
2.102764e+00 -3.982137e-01
2.097824e+00 -3.958685e-01
2.092868e+00 -3.934921e-01
2.087896e+00 -3.910844e-01
2.082834e+00 -3.886076e-01
2.077771e+00 -3.861049e-01
2.072643e+00 -3.835434e-01
2.067452e+00 -3.809226e-01
2.062271e+00 -3.782785e-01
2.056946e+00 -3.755311e-01
2.051584e+00 -3.727323e-01
2.046140e+00 -3.698583e-01
2.040605e+00 -3.669010e-01
2.035074e+00 -3.639087e-01
2.029359e+00 -3.607784e-01
2.023653e+00 -3.576118e-01
2.017811e+00 -3.543262e-01
2.011913e+00 -3.509629e-01
2.005866e+00 -3.474643e-01
1.999676e+00 -3.438296e-01
1.993415e+00 -3.400950e-01
1.986987e+00 -3.361970e-01
1.980502e+00 -3.321964e-01
1.973816e+00 -3.279976e-01
1.967027e+00 -3.236533e-01
1.959932e+00 -3.190214e-01
1.952718e+00 -3.142098e-01
1.945311e+00 -3.091552e-01
1.937697e+00 -3.038317e-01
1.929900e+00 -2.982364e-01
1.921605e+00 -2.921146e-01
1.913161e+00 -2.856834e-01
1.904422e+00 -2.787962e-01
1.895190e+00 -2.712446e-01
1.885521e+00 -2.629925e-01
1.875524e+00 -2.540374e-01
1.864776e+00 -2.438703e-01
1.853370e+00 -2.323505e-01
1.841236e+00 -2.190862e-01
1.828221e+00 -2.033966e-01
1.813986e+00 -1.838866e-01
1.798682e+00 -1.586798e-01
1.784020e+00 -1.229317e-01
1.773721e+00 -5.786952e-02
2.216557e+00 -3.609150e-01
2.214056e+00 -3.600292e-01
2.211559e+00 -3.591415e-01
2.209064e+00 -3.582520e-01
2.206567e+00 -3.573585e-01
2.204070e+00 -3.564625e-01
2.201576e+00 -3.555644e-01
2.199086e+00 -3.546643e-01
2.196599e+00 -3.537621e-01
2.194112e+00 -3.528566e-01
2.193199e+00 -3.525234e-01
2.192284e+00 -3.521894e-01
2.191370e+00 -3.518551e-01
2.190456e+00 -3.515206e-01
2.189543e+00 -3.511857e-01
2.188591e+00 -3.508361e-01
2.184179e+00 -3.492161e-01
2.179696e+00 -3.475599e-01
2.175179e+00 -3.458812e-01
2.170663e+00 -3.441930e-01
2.166110e+00 -3.424811e-01
2.161519e+00 -3.407441e-01
2.156931e+00 -3.389971e-01
2.152293e+00 -3.372200e-01
2.147616e+00 -3.354161e-01
2.142944e+00 -3.336025e-01
2.138200e+00 -3.317483e-01
2.133427e+00 -3.298708e-01
2.128649e+00 -3.279777e-01
2.123787e+00 -3.260375e-01
2.118892e+00 -3.240706e-01
2.113948e+00 -3.220687e-01
2.108920e+00 -3.200178e-01
2.103885e+00 -3.179483e-01
2.098768e+00 -3.158281e-01
2.093591e+00 -3.136655e-01
2.088403e+00 -3.114800e-01
2.083082e+00 -3.092197e-01
2.077751e+00 -3.069356e-01
2.072329e+00 -3.045915e-01
2.066825e+00 -3.021899e-01
2.061293e+00 -2.997527e-01
2.055541e+00 -2.971936e-01
2.049786e+00 -2.946065e-01
2.043859e+00 -2.919132e-01
2.037885e+00 -2.891682e-01
2.031779e+00 -2.863294e-01
2.025568e+00 -2.834066e-01
2.019245e+00 -2.803933e-01
2.012770e+00 -2.772672e-01
2.006158e+00 -2.740296e-01
1.999288e+00 -2.706163e-01
1.992272e+00 -2.670751e-01
1.985071e+00 -2.633797e-01
1.977651e+00 -2.595029e-01
1.970080e+00 -2.554723e-01
1.962179e+00 -2.511807e-01
1.953986e+00 -2.466312e-01
1.945389e+00 -2.417428e-01
1.936444e+00 -2.365196e-01
1.927213e+00 -2.309699e-01
1.917482e+00 -2.249307e-01
1.906953e+00 -2.181561e-01
1.895839e+00 -2.106975e-01
1.884072e+00 -2.024042e-01
1.871053e+00 -1.926909e-01
1.856807e+00 -1.812720e-01
1.840727e+00 -1.671447e-01
1.822398e+00 -1.488665e-01
1.800057e+00 -1.200765e-01
1.775945e+00 -5.889578e-02
2.242164e+00 -2.855903e-01
2.239691e+00 -2.848186e-01
2.237218e+00 -2.840470e-01
2.234747e+00 -2.832755e-01
2.232276e+00 -2.825038e-01
2.229806e+00 -2.817322e-01
2.227338e+00 -2.809604e-01
2.224870e+00 -2.801881e-01
2.222405e+00 -2.794154e-01
2.219941e+00 -2.786421e-01
2.219035e+00 -2.783579e-01
2.218130e+00 -2.780736e-01
2.217225e+00 -2.777892e-01
2.216320e+00 -2.775048e-01
2.215416e+00 -2.772204e-01
2.214507e+00 -2.769346e-01
2.210105e+00 -2.755499e-01
2.205658e+00 -2.741490e-01
2.201173e+00 -2.727346e-01
2.196687e+00 -2.713187e-01
2.192160e+00 -2.698879e-01
2.187599e+00 -2.684444e-01
2.183038e+00 -2.669983e-01
2.178421e+00 -2.655312e-01
2.173773e+00 -2.640508e-01
2.169122e+00 -2.625654e-01
2.164400e+00 -2.610534e-01
2.159653e+00 -2.595293e-01
2.154888e+00 -2.579948e-01
2.150048e+00 -2.564309e-01
2.145189e+00 -2.548556e-01
2.140287e+00 -2.532605e-01
2.135312e+00 -2.516351e-01
2.130322e+00 -2.499980e-01
2.125219e+00 -2.483165e-01
2.120052e+00 -2.466062e-01
2.114864e+00 -2.448806e-01
2.109554e+00 -2.431050e-01
2.104226e+00 -2.413140e-01
2.098802e+00 -2.394800e-01
2.093296e+00 -2.376073e-01
2.087757e+00 -2.357112e-01
2.082061e+00 -2.337487e-01
2.076356e+00 -2.317697e-01
2.070476e+00 -2.297154e-01
2.064550e+00 -2.276290e-01
2.058491e+00 -2.254778e-01
2.052267e+00 -2.232496e-01
2.045913e+00 -2.209535e-01
2.039394e+00 -2.185754e-01
2.032761e+00 -2.161300e-01
2.025934e+00 -2.135854e-01
2.018961e+00 -2.109552e-01
2.011792e+00 -2.082173e-01
2.004402e+00 -2.053576e-01
1.996837e+00 -2.023877e-01
1.988917e+00 -1.992298e-01
1.980698e+00 -1.958967e-01
1.972105e+00 -1.923466e-01
1.963141e+00 -1.885666e-01
1.953856e+00 -1.845608e-01
1.944045e+00 -1.802217e-01
1.933657e+00 -1.754967e-01
1.922410e+00 -1.702134e-01
1.910325e+00 -1.643182e-01
1.897241e+00 -1.576421e-01
1.882850e+00 -1.498926e-01
1.866099e+00 -1.402380e-01
1.846603e+00 -1.278966e-01
1.820822e+00 -1.091700e-01
1.781927e+00 -6.161642e-02
2.264784e+00 -2.088458e-01
2.262253e+00 -2.082047e-01
2.259730e+00 -2.075675e-01
2.257210e+00 -2.069334e-01
2.254692e+00 -2.063012e-01
2.252173e+00 -2.056708e-01
2.249655e+00 -2.050420e-01
2.247142e+00 -2.044162e-01
2.244637e+00 -2.037939e-01
2.242134e+00 -2.031729e-01
2.241215e+00 -2.029449e-01
2.240295e+00 -2.027171e-01
2.239376e+00 -2.024894e-01
2.238456e+00 -2.022618e-01
2.237537e+00 -2.020345e-01
2.236508e+00 -2.017804e-01
2.232117e+00 -2.006953e-01
2.227585e+00 -1.995799e-01
2.223038e+00 -1.984645e-01
2.218453e+00 -1.973432e-01
2.213845e+00 -1.962193e-01
2.209234e+00 -1.950970e-01
2.204574e+00 -1.939652e-01
2.199891e+00 -1.928303e-01
2.195196e+00 -1.916943e-01
2.190445e+00 -1.905460e-01
2.185673e+00 -1.893940e-01
2.180876e+00 -1.882365e-01
2.176016e+00 -1.870650e-01
2.171142e+00 -1.858903e-01
2.166217e+00 -1.847038e-01
2.161232e+00 -1.835027e-01
2.156240e+00 -1.822996e-01
2.151154e+00 -1.810729e-01
2.146030e+00 -1.798363e-01
2.140872e+00 -1.785895e-01
2.135615e+00 -1.773172e-01
2.130341e+00 -1.760386e-01
2.124956e+00 -1.747300e-01
2.119477e+00 -1.733958e-01
2.113949e+00 -1.720459e-01
2.108288e+00 -1.706595e-01
2.102616e+00 -1.692655e-01
2.096767e+00 -1.678226e-01
2.090883e+00 -1.663651e-01
2.084862e+00 -1.648667e-01
2.078742e+00 -1.633362e-01
2.072514e+00 -1.617698e-01
2.066132e+00 -1.601556e-01
2.059652e+00 -1.585060e-01
2.052976e+00 -1.567951e-01
2.046188e+00 -1.550420e-01
2.039185e+00 -1.532186e-01
2.032018e+00 -1.513355e-01
2.024621e+00 -1.493730e-01
2.016891e+00 -1.472998e-01
2.008966e+00 -1.451490e-01
2.000678e+00 -1.428705e-01
1.992125e+00 -1.404844e-01
1.983236e+00 -1.379649e-01
1.973810e+00 -1.352448e-01
1.963973e+00 -1.323494e-01
1.953631e+00 -1.292360e-01
1.942570e+00 -1.258198e-01
1.930524e+00 -1.219858e-01
1.917329e+00 -1.176333e-01
1.902725e+00 -1.125998e-01
1.886189e+00 -1.065763e-01
1.866698e+00 -9.894092e-02
1.840773e+00 -8.765264e-02
1.796410e+00 -6.061876e-02
2.282771e+00 -1.300492e-01
2.280130e+00 -1.296105e-01
2.277489e+00 -1.291746e-01
2.274847e+00 -1.287413e-01
2.272228e+00 -1.283145e-01
2.269611e+00 -1.278908e-01
2.266995e+00 -1.274698e-01
2.264379e+00 -1.270515e-01
2.261762e+00 -1.266357e-01
2.259165e+00 -1.262256e-01
2.258213e+00 -1.260756e-01
2.257262e+00 -1.259258e-01
2.256310e+00 -1.257762e-01
2.255358e+00 -1.256269e-01
2.254406e+00 -1.254777e-01
2.253244e+00 -1.252961e-01
2.248797e+00 -1.246006e-01
2.244108e+00 -1.238726e-01
2.239408e+00 -1.231474e-01
2.234698e+00 -1.224238e-01
2.229958e+00 -1.216986e-01
2.225206e+00 -1.209748e-01
2.220435e+00 -1.202515e-01
2.215627e+00 -1.195258e-01
2.210809e+00 -1.188019e-01
2.205955e+00 -1.180756e-01
2.201061e+00 -1.173464e-01
2.196162e+00 -1.166191e-01
2.191197e+00 -1.158847e-01
2.186203e+00 -1.151485e-01
2.181188e+00 -1.144113e-01
2.176099e+00 -1.136656e-01
2.170993e+00 -1.129192e-01
2.165827e+00 -1.121658e-01
2.160597e+00 -1.114049e-01
2.155354e+00 -1.106433e-01
2.149998e+00 -1.098665e-01
2.144618e+00 -1.090873e-01
2.139162e+00 -1.082977e-01
2.133622e+00 -1.074965e-01
2.128055e+00 -1.066913e-01
2.122341e+00 -1.058649e-01
2.116611e+00 -1.050357e-01
2.110732e+00 -1.041841e-01
2.104794e+00 -1.033230e-01
2.098743e+00 -1.024438e-01
2.092573e+00 -1.015456e-01
2.086316e+00 -1.006322e-01
2.079872e+00 -9.968876e-02
2.073321e+00 -9.872600e-02
2.066555e+00 -9.772774e-02
2.059687e+00 -9.670937e-02
2.052590e+00 -9.565158e-02
2.045330e+00 -9.456271e-02
2.037860e+00 -9.343462e-02
2.030116e+00 -9.225594e-02
2.022176e+00 -9.103684e-02
2.013878e+00 -8.975002e-02
2.005307e+00 -8.840611e-02
1.996396e+00 -8.699144e-02
1.986956e+00 -8.547178e-02
1.977089e+00 -8.385758e-02
1.966704e+00 -8.212745e-02
1.955605e+00 -8.023863e-02
1.943650e+00 -7.815301e-02
1.930689e+00 -7.582341e-02
1.916201e+00 -7.312346e-02
1.899609e+00 -6.988564e-02
1.880018e+00 -6.581862e-02
1.854950e+00 -6.012628e-02
1.813472e+00 -4.800371e-02
2.293526e+00 -4.922135e-02
2.290770e+00 -4.907233e-02
2.288016e+00 -4.892451e-02
2.285294e+00 -4.877950e-02
2.282576e+00 -4.863562e-02
2.279859e+00 -4.849282e-02
2.277142e+00 -4.835098e-02
2.274430e+00 -4.821035e-02
2.271748e+00 -4.807192e-02
2.269068e+00 -4.793415e-02
2.268084e+00 -4.788362e-02
2.267100e+00 -4.783316e-02
2.266116e+00 -4.778278e-02
2.265132e+00 -4.773247e-02
2.264148e+00 -4.768223e-02
2.263012e+00 -4.762437e-02
2.258359e+00 -4.738721e-02
2.253549e+00 -4.714463e-02
2.248737e+00 -4.690537e-02
2.243903e+00 -4.666839e-02
2.239061e+00 -4.643408e-02
2.234207e+00 -4.620220e-02
2.229322e+00 -4.597182e-02
2.224429e+00 -4.574362e-02
2.219509e+00 -4.551671e-02
2.214554e+00 -4.529066e-02
2.209595e+00 -4.506660e-02
2.204581e+00 -4.484225e-02
2.199539e+00 -4.461873e-02
2.194480e+00 -4.439628e-02
2.189355e+00 -4.417291e-02
2.184215e+00 -4.395054e-02
2.179020e+00 -4.372745e-02
2.173769e+00 -4.350354e-02
2.168503e+00 -4.328045e-02
2.163136e+00 -4.305456e-02
2.157749e+00 -4.282908e-02
2.152288e+00 -4.260179e-02
2.146752e+00 -4.237262e-02
2.141187e+00 -4.214330e-02
2.135491e+00 -4.190970e-02
2.129779e+00 -4.167640e-02
2.123925e+00 -4.143818e-02
2.118019e+00 -4.119871e-02
2.112005e+00 -4.095560e-02
2.105883e+00 -4.070879e-02
2.099680e+00 -4.045930e-02
2.093311e+00 -4.020367e-02
2.086876e+00 -3.994578e-02
2.080231e+00 -3.967979e-02
2.073513e+00 -3.941101e-02
2.066558e+00 -3.913286e-02
2.059489e+00 -3.885002e-02
2.052186e+00 -3.855758e-02
2.044684e+00 -3.825670e-02
2.036972e+00 -3.794676e-02
2.028945e+00 -3.762328e-02
2.020709e+00 -3.729008e-02
2.012087e+00 -3.693968e-02
2.003091e+00 -3.657195e-02
1.993739e+00 -3.618692e-02
1.983883e+00 -3.577775e-02
1.973376e+00 -3.533698e-02
1.962224e+00 -3.486317e-02
1.950254e+00 -3.434665e-02
1.937228e+00 -3.377363e-02
1.922810e+00 -3.312370e-02
1.906513e+00 -3.236527e-02
1.887365e+00 -3.143429e-02
1.862891e+00 -3.016435e-02
1.823210e+00 -2.768565e-02
2.294493e+00 3.279073e-02
2.291735e+00 3.259213e-02
2.288977e+00 3.239451e-02
2.286243e+00 3.219940e-02
2.283520e+00 3.200589e-02
2.280802e+00 3.181338e-02
2.278083e+00 3.162159e-02
2.275365e+00 3.143050e-02
2.272674e+00 3.124145e-02
2.269992e+00 3.105305e-02
2.269007e+00 3.098391e-02
2.268022e+00 3.091477e-02
2.267038e+00 3.084564e-02
2.266053e+00 3.077652e-02
2.265069e+00 3.070742e-02
2.264074e+00 3.063761e-02
2.259276e+00 3.030095e-02
2.254460e+00 2.996558e-02
2.249643e+00 2.963416e-02
2.244805e+00 2.930524e-02
2.239954e+00 2.897844e-02
2.235097e+00 2.865407e-02
2.230207e+00 2.833019e-02
2.225306e+00 2.800759e-02
2.220386e+00 2.768572e-02
2.215427e+00 2.736313e-02
2.210460e+00 2.704144e-02
2.205452e+00 2.671847e-02
2.200405e+00 2.639411e-02
2.195350e+00 2.607019e-02
2.190224e+00 2.574263e-02
2.185078e+00 2.541435e-02
2.179891e+00 2.508399e-02
2.174630e+00 2.474922e-02
2.169357e+00 2.441389e-02
2.163982e+00 2.407224e-02
2.158576e+00 2.372845e-02
2.153115e+00 2.338095e-02
2.147566e+00 2.302739e-02
2.142003e+00 2.267240e-02
2.136293e+00 2.230732e-02
2.130564e+00 2.194001e-02
2.124717e+00 2.156415e-02
2.118794e+00 2.118197e-02
2.112788e+00 2.079301e-02
2.106649e+00 2.039361e-02
2.100457e+00 1.998879e-02
2.094069e+00 1.956888e-02
2.087648e+00 1.914415e-02
2.080984e+00 1.870040e-02
2.074281e+00 1.825068e-02
2.067306e+00 1.777902e-02
2.060255e+00 1.729781e-02
2.052932e+00 1.679322e-02
2.045448e+00 1.627203e-02
2.037731e+00 1.572827e-02
2.029710e+00 1.515586e-02
2.021475e+00 1.455978e-02
2.012854e+00 1.392607e-02
2.003886e+00 1.325540e-02
1.994553e+00 1.254404e-02
1.984685e+00 1.177580e-02
1.974214e+00 1.094079e-02
1.963105e+00 1.003025e-02
1.951186e+00 9.022216e-03
1.938221e+00 7.884776e-03
1.923879e+00 6.569865e-03
1.907678e+00 5.001418e-03
1.888800e+00 3.039901e-03
1.864755e+00 2.830436e-04
1.825546e+00 -5.532052e-03
2.285559e+00 1.137598e-01
2.282892e+00 1.132745e-01
2.280226e+00 1.127920e-01
2.277560e+00 1.123120e-01
2.274893e+00 1.118345e-01
2.272250e+00 1.113639e-01
2.269610e+00 1.108962e-01
2.266972e+00 1.104312e-01
2.264333e+00 1.099686e-01
2.261700e+00 1.095090e-01
2.260734e+00 1.093404e-01
2.259768e+00 1.091722e-01
2.258808e+00 1.090052e-01
2.257849e+00 1.088384e-01
2.256889e+00 1.086719e-01
2.255842e+00 1.084904e-01
2.251250e+00 1.076943e-01
2.246558e+00 1.068853e-01
2.241845e+00 1.060757e-01
2.237128e+00 1.052676e-01
2.232387e+00 1.044575e-01
2.227620e+00 1.036454e-01
2.222852e+00 1.028353e-01
2.218040e+00 1.020201e-01
2.213207e+00 1.012032e-01
2.208363e+00 1.003865e-01
2.203451e+00 9.956011e-02
2.198509e+00 9.873015e-02
2.193536e+00 9.789643e-02
2.188508e+00 9.705453e-02
2.183470e+00 9.621189e-02
2.178366e+00 9.535918e-02
2.173218e+00 9.449916e-02
2.168049e+00 9.363616e-02
2.162790e+00 9.275798e-02
2.157514e+00 9.187634e-02
2.152162e+00 9.098180e-02
2.146743e+00 9.007466e-02
2.141297e+00 8.916192e-02
2.135726e+00 8.822659e-02
2.130139e+00 8.728640e-02
2.124429e+00 8.632315e-02
2.118656e+00 8.534645e-02
2.112804e+00 8.435310e-02
2.106828e+00 8.333495e-02
2.100811e+00 8.230561e-02
2.094601e+00 8.123861e-02
2.088385e+00 8.016493e-02
2.081913e+00 7.904083e-02
2.075426e+00 7.790713e-02
2.068686e+00 7.672119e-02
2.061895e+00 7.551711e-02
2.054795e+00 7.424806e-02
2.047591e+00 7.294849e-02
2.040068e+00 7.157804e-02
2.032387e+00 7.016347e-02
2.024441e+00 6.868229e-02
2.016163e+00 6.711894e-02
2.007644e+00 6.548623e-02
1.998713e+00 6.374671e-02
1.989357e+00 6.189102e-02
1.979595e+00 5.991485e-02
1.969293e+00 5.778127e-02
1.958235e+00 5.543103e-02
1.946404e+00 5.283893e-02
1.933582e+00 4.992769e-02
1.919245e+00 4.652943e-02
1.903071e+00 4.248100e-02
1.883947e+00 3.733981e-02
1.860156e+00 3.024513e-02
1.821996e+00 1.513472e-02
2.268773e+00 1.927694e-01
2.266214e+00 1.920850e-01
2.263654e+00 1.914022e-01
2.261096e+00 1.907213e-01
2.258550e+00 1.900453e-01
2.256006e+00 1.893710e-01
2.253462e+00 1.886983e-01
2.250918e+00 1.880268e-01
2.248374e+00 1.873556e-01
2.245843e+00 1.866879e-01
2.244914e+00 1.864429e-01
2.243985e+00 1.861979e-01
2.243056e+00 1.859530e-01
2.242127e+00 1.857081e-01
2.241199e+00 1.854633e-01
2.240216e+00 1.852044e-01
2.235739e+00 1.840249e-01
2.231180e+00 1.828260e-01
2.226606e+00 1.816260e-01
2.222026e+00 1.804268e-01
2.217408e+00 1.792192e-01
2.212774e+00 1.780085e-01
2.208127e+00 1.767957e-01
2.203435e+00 1.755715e-01
2.198710e+00 1.743389e-01
2.193945e+00 1.730960e-01
2.189128e+00 1.718390e-01
2.184299e+00 1.705783e-01
2.179426e+00 1.693050e-01
2.174501e+00 1.680166e-01
2.169571e+00 1.667253e-01
2.164560e+00 1.654105e-01
2.159514e+00 1.640841e-01
2.154442e+00 1.627480e-01
2.149281e+00 1.613849e-01
2.144104e+00 1.600137e-01
2.138849e+00 1.586180e-01
2.133525e+00 1.571996e-01
2.128180e+00 1.557705e-01
2.122704e+00 1.543010e-01
2.117212e+00 1.528208e-01
2.111608e+00 1.513039e-01
2.105920e+00 1.497562e-01
2.100129e+00 1.481724e-01
2.094189e+00 1.465385e-01
2.088235e+00 1.448908e-01
2.082057e+00 1.431696e-01
2.075870e+00 1.414340e-01
2.069464e+00 1.396227e-01
2.063009e+00 1.377825e-01
2.056336e+00 1.358635e-01
2.049581e+00 1.339019e-01
2.042585e+00 1.318503e-01
2.035485e+00 1.297452e-01
2.028103e+00 1.275307e-01
2.020587e+00 1.252468e-01
2.012655e+00 1.228032e-01
2.004458e+00 1.202384e-01
1.995999e+00 1.175468e-01
1.987095e+00 1.146609e-01
1.977851e+00 1.116020e-01
1.968227e+00 1.083429e-01
1.957945e+00 1.047714e-01
1.947064e+00 1.008791e-01
1.935222e+00 9.649691e-02
1.922345e+00 9.153380e-02
1.908211e+00 8.581060e-02
1.892443e+00 7.901722e-02
1.873782e+00 7.030151e-02
1.850179e+00 5.787383e-02
1.814515e+00 3.073983e-02
2.246618e+00 2.696775e-01
2.244124e+00 2.688635e-01
2.241632e+00 2.680490e-01
2.239142e+00 2.672339e-01
2.236653e+00 2.664180e-01
2.234166e+00 2.656015e-01
2.231684e+00 2.647848e-01
2.229203e+00 2.639674e-01
2.226726e+00 2.631491e-01
2.224250e+00 2.623301e-01
2.223340e+00 2.620288e-01
2.222429e+00 2.617271e-01
2.221518e+00 2.614252e-01
2.220608e+00 2.611233e-01
2.219696e+00 2.608208e-01
2.218764e+00 2.605114e-01
2.214327e+00 2.590384e-01
2.209873e+00 2.575564e-01
2.205384e+00 2.560601e-01
2.200870e+00 2.545523e-01
2.196357e+00 2.530415e-01
2.191799e+00 2.515112e-01
2.187208e+00 2.499654e-01
2.182598e+00 2.484082e-01
2.177922e+00 2.468228e-01
2.173222e+00 2.452238e-01
2.168512e+00 2.436153e-01
2.163734e+00 2.419766e-01
2.158937e+00 2.403243e-01
2.154112e+00 2.386547e-01
2.149217e+00 2.369527e-01
2.144310e+00 2.352380e-01
2.139344e+00 2.334940e-01
2.134314e+00 2.317187e-01
2.129283e+00 2.299330e-01
2.124138e+00 2.280964e-01
2.118966e+00 2.262391e-01
2.113730e+00 2.243469e-01
2.108360e+00 2.223936e-01
2.102980e+00 2.204233e-01
2.097462e+00 2.183882e-01
2.091904e+00 2.163224e-01
2.086268e+00 2.142118e-01
2.080515e+00 2.120387e-01
2.074744e+00 2.098402e-01
2.068770e+00 2.075441e-01
2.062792e+00 2.052249e-01
2.056617e+00 2.028057e-01
2.050391e+00 2.003408e-01
2.043917e+00 1.977491e-01
2.037332e+00 1.950822e-01
2.030552e+00 1.923015e-01
2.023657e+00 1.894359e-01
2.016527e+00 1.864306e-01
2.009273e+00 1.833257e-01
2.001735e+00 1.800474e-01
1.994049e+00 1.766464e-01
1.985955e+00 1.729971e-01
1.977507e+00 1.691086e-01
1.968805e+00 1.650111e-01
1.959610e+00 1.605713e-01
1.950039e+00 1.558191e-01
1.940047e+00 1.507012e-01
1.929185e+00 1.449381e-01
1.917564e+00 1.385100e-01
1.905062e+00 1.312433e-01
1.891410e+00 1.228213e-01
1.875833e+00 1.124598e-01
1.858061e+00 9.934230e-02
1.835948e+00 8.031359e-02
1.807128e+00 3.898560e-02
2.220950e+00 3.451091e-01
2.218441e+00 3.441744e-01
2.215936e+00 3.432369e-01
2.213434e+00 3.422966e-01
2.210936e+00 3.413537e-01
2.208441e+00 3.404081e-01
2.205946e+00 3.394579e-01
2.203454e+00 3.385048e-01
2.200966e+00 3.375492e-01
2.198483e+00 3.365912e-01
2.197571e+00 3.362390e-01
2.196658e+00 3.358858e-01
2.195745e+00 3.355318e-01
2.194832e+00 3.351775e-01
2.193919e+00 3.348229e-01
2.192992e+00 3.344620e-01
2.188527e+00 3.327250e-01
2.184058e+00 3.309743e-01
2.179562e+00 3.292015e-01
2.175035e+00 3.274047e-01
2.170511e+00 3.255974e-01
2.165934e+00 3.237567e-01
2.161314e+00 3.218853e-01
2.156698e+00 3.200024e-01
2.152028e+00 3.180838e-01
2.147324e+00 3.161369e-01
2.142627e+00 3.141780e-01
2.137850e+00 3.121703e-01
2.133053e+00 3.101387e-01
2.128245e+00 3.080863e-01
2.123355e+00 3.059821e-01
2.118453e+00 3.038559e-01
2.113510e+00 3.016937e-01
2.108479e+00 2.994748e-01
2.103420e+00 2.972233e-01
2.098261e+00 2.949073e-01
2.093057e+00 2.925491e-01
2.087830e+00 2.901583e-01
2.082480e+00 2.876869e-01
2.077126e+00 2.851890e-01
2.071661e+00 2.826134e-01
2.066135e+00 2.799815e-01
2.060568e+00 2.773017e-01
2.054842e+00 2.745136e-01
2.049056e+00 2.716633e-01
2.043078e+00 2.686827e-01
2.037078e+00 2.656519e-01
2.030921e+00 2.625008e-01
2.024692e+00 2.592673e-01
2.018316e+00 2.559103e-01
2.011832e+00 2.524439e-01
2.005161e+00 2.488204e-01
1.998273e+00 2.450146e-01
1.991192e+00 2.410310e-01
1.983986e+00 2.368970e-01
1.976510e+00 2.325190e-01
1.968920e+00 2.279745e-01
1.960936e+00 2.230807e-01
1.952641e+00 2.178616e-01
1.944058e+00 2.123040e-01
1.935081e+00 2.063040e-01
1.925819e+00 1.998934e-01
1.915864e+00 1.927270e-01
1.905367e+00 1.848170e-01
1.894346e+00 1.760569e-01
1.882231e+00 1.658055e-01
1.869339e+00 1.539960e-01
1.854961e+00 1.394437e-01
1.839143e+00 1.210186e-01
1.820796e+00 9.455193e-02
1.803081e+00 4.177562e-02
2.192206e+00 4.195281e-01
2.189619e+00 4.184309e-01
2.187038e+00 4.173298e-01
2.184462e+00 4.162253e-01
2.181893e+00 4.151175e-01
2.179318e+00 4.140018e-01
2.176748e+00 4.128825e-01
2.174183e+00 4.117597e-01
2.171624e+00 4.106328e-01
2.169070e+00 4.095008e-01
2.168132e+00 4.090842e-01
2.167194e+00 4.086669e-01
2.166255e+00 4.082480e-01
2.165317e+00 4.078282e-01
2.164378e+00 4.074078e-01
2.163418e+00 4.069765e-01
2.158877e+00 4.049374e-01
2.154309e+00 4.028652e-01
2.149702e+00 4.007538e-01
2.145093e+00 3.986183e-01
2.140461e+00 3.964494e-01
2.135784e+00 3.942366e-01
2.131112e+00 3.920027e-01
2.126407e+00 3.897294e-01
2.121660e+00 3.874118e-01
2.116921e+00 3.850742e-01
2.112127e+00 3.826843e-01
2.107298e+00 3.802522e-01
2.102483e+00 3.778015e-01
2.097574e+00 3.752761e-01
2.092629e+00 3.727048e-01
2.087661e+00 3.700934e-01
2.082606e+00 3.674064e-01
2.077553e+00 3.646907e-01
2.072432e+00 3.619063e-01
2.067253e+00 3.590578e-01
2.062085e+00 3.561815e-01
2.056774e+00 3.531900e-01
2.051468e+00 3.501644e-01
2.046038e+00 3.470282e-01
2.040519e+00 3.437986e-01
2.035004e+00 3.405272e-01
2.029312e+00 3.371042e-01
2.023631e+00 3.336377e-01
2.017821e+00 3.300398e-01
2.011959e+00 3.263538e-01
2.005951e+00 3.225156e-01
1.999795e+00 3.185162e-01
1.993580e+00 3.144070e-01
1.987200e+00 3.101100e-01
1.980783e+00 3.057036e-01
1.974162e+00 3.010656e-01
1.967394e+00 2.962210e-01
1.960376e+00 2.910820e-01
1.953276e+00 2.857521e-01
1.945976e+00 2.801274e-01
1.938495e+00 2.741995e-01
1.930701e+00 2.678324e-01
1.922616e+00 2.610023e-01
1.914442e+00 2.538352e-01
1.905801e+00 2.459488e-01
1.896775e+00 2.373234e-01
1.887589e+00 2.280691e-01
1.877788e+00 2.175958e-01
1.867551e+00 2.058481e-01
1.856798e+00 1.924096e-01
1.845645e+00 1.768921e-01
1.833738e+00 1.578916e-01
1.821467e+00 1.340513e-01
1.810068e+00 1.014887e-01
1.801570e+00 4.282329e-02
2.159559e+00 4.930587e-01
2.156880e+00 4.917210e-01
2.154204e+00 4.903761e-01
2.151532e+00 4.890235e-01
2.148867e+00 4.876658e-01
2.146212e+00 4.863044e-01
2.143568e+00 4.849393e-01
2.140927e+00 4.835675e-01
2.138289e+00 4.821885e-01
2.135659e+00 4.808051e-01
2.134695e+00 4.802966e-01
2.133732e+00 4.797876e-01
2.132771e+00 4.792783e-01
2.131810e+00 4.787685e-01
2.130852e+00 4.782582e-01
2.129800e+00 4.776971e-01
2.125182e+00 4.752340e-01
2.120457e+00 4.726853e-01
2.115750e+00 4.701186e-01
2.110986e+00 4.674914e-01
2.106228e+00 4.648377e-01
2.101474e+00 4.621569e-01
2.096665e+00 4.594137e-01
2.091865e+00 4.566451e-01
2.087049e+00 4.538348e-01
2.082183e+00 4.509631e-01
2.077315e+00 4.480563e-01
2.072388e+00 4.450794e-01
2.067426e+00 4.420455e-01
2.062484e+00 4.389867e-01
2.057443e+00 4.358278e-01
2.052406e+00 4.326314e-01
2.047351e+00 4.293828e-01
2.042211e+00 4.260368e-01
2.037060e+00 4.226380e-01
2.031809e+00 4.191262e-01
2.026525e+00 4.155420e-01
2.021237e+00 4.119034e-01
2.015823e+00 4.081230e-01
2.010429e+00 4.042985e-01
2.004934e+00 4.003422e-01
1.999347e+00 3.962535e-01
1.993713e+00 3.920603e-01
1.987962e+00 3.877054e-01
1.982218e+00 3.832751e-01
1.976330e+00 3.786484e-01
1.970420e+00 3.739128e-01
1.964301e+00 3.689078e-01
1.958150e+00 3.637647e-01
1.951885e+00 3.584056e-01
1.945557e+00 3.528610e-01
1.939067e+00 3.470287e-01
1.932413e+00 3.408841e-01
1.925668e+00 3.344693e-01
1.918836e+00 3.277665e-01
1.911776e+00 3.206069e-01
1.904574e+00 3.130289e-01
1.897224e+00 3.049817e-01
1.889765e+00 2.964491e-01
1.881962e+00 2.870843e-01
1.874204e+00 2.772470e-01
1.866052e+00 2.662670e-01
1.857847e+00 2.543982e-01
1.849474e+00 2.412611e-01
1.840999e+00 2.266003e-01
1.832359e+00 2.097938e-01
1.823916e+00 1.906940e-01
1.815660e+00 1.679376e-01
1.808139e+00 1.403744e-01
1.802678e+00 1.039373e-01
1.800962e+00 4.324675e-02
2.121889e+00 5.647478e-01
2.119119e+00 5.630962e-01
2.116363e+00 5.614415e-01
2.113608e+00 5.597767e-01
2.110862e+00 5.581057e-01
2.108128e+00 5.564305e-01
2.105407e+00 5.547521e-01
2.102700e+00 5.530708e-01
2.099994e+00 5.513787e-01
2.097299e+00 5.496820e-01
2.096310e+00 5.490586e-01
2.095324e+00 5.484348e-01
2.094338e+00 5.478104e-01
2.093354e+00 5.471853e-01
2.092371e+00 5.465595e-01
2.091289e+00 5.458684e-01
2.086575e+00 5.428603e-01
2.081742e+00 5.397396e-01
2.076936e+00 5.365989e-01
2.072097e+00 5.334045e-01
2.067249e+00 5.301711e-01
2.062426e+00 5.269200e-01
2.057528e+00 5.235803e-01
2.052633e+00 5.202029e-01
2.047739e+00 5.167862e-01
2.042782e+00 5.132823e-01
2.037848e+00 5.097501e-01
2.032879e+00 5.061471e-01
2.027872e+00 5.024691e-01
2.022882e+00 4.987534e-01
2.017783e+00 4.949046e-01
2.012687e+00 4.910035e-01
2.007587e+00 4.870411e-01
2.002400e+00 4.829517e-01
1.997240e+00 4.788201e-01
1.992007e+00 4.745644e-01
1.986702e+00 4.701793e-01
1.981404e+00 4.657248e-01
1.975992e+00 4.610952e-01
1.970610e+00 4.564065e-01
1.965148e+00 4.515588e-01
1.959614e+00 4.465515e-01
1.954041e+00 4.414040e-01
1.948368e+00 4.360522e-01
1.942719e+00 4.306037e-01
1.936953e+00 4.249113e-01
1.931127e+00 4.190179e-01
1.925201e+00 4.128666e-01
1.919257e+00 4.065247e-01
1.913269e+00 3.999505e-01
1.907108e+00 3.929752e-01
1.900949e+00 3.857680e-01
1.894703e+00 3.781987e-01
1.888418e+00 3.702896e-01
1.881949e+00 3.618098e-01
1.875598e+00 3.531022e-01
1.868995e+00 3.436072e-01
1.862470e+00 3.337012e-01
1.855875e+00 3.230831e-01
1.849257e+00 3.117012e-01
1.842678e+00 2.995086e-01
1.836110e+00 2.862638e-01
1.829648e+00 2.718782e-01
1.823390e+00 2.562373e-01
1.817286e+00 2.387222e-01
1.811689e+00 2.196053e-01
1.806614e+00 1.979715e-01
1.802275e+00 1.729050e-01
1.799078e+00 1.431199e-01
1.798136e+00 1.053664e-01
1.800666e+00 4.345257e-02
2.078875e+00 6.335164e-01
2.076042e+00 6.315272e-01
2.073208e+00 6.295250e-01
2.070383e+00 6.275162e-01
2.067573e+00 6.255053e-01
2.064786e+00 6.234988e-01
2.062014e+00 6.214897e-01
2.059245e+00 6.194704e-01
2.056486e+00 6.174454e-01
2.053742e+00 6.154180e-01
2.052737e+00 6.146735e-01
2.051734e+00 6.139287e-01
2.050732e+00 6.131830e-01
2.049729e+00 6.124349e-01
2.048728e+00 6.116866e-01
2.047679e+00 6.109000e-01
2.042814e+00 6.072525e-01
2.037934e+00 6.035482e-01
2.033044e+00 5.997871e-01
2.028128e+00 5.959593e-01
2.023242e+00 5.921080e-01
2.018307e+00 5.881697e-01
2.013377e+00 5.841833e-01
2.008472e+00 5.801637e-01
2.003491e+00 5.760256e-01
1.998529e+00 5.718443e-01
1.993547e+00 5.675851e-01
1.988521e+00 5.632242e-01
1.983524e+00 5.588216e-01
1.978473e+00 5.543012e-01
1.973414e+00 5.497009e-01
1.968347e+00 5.450155e-01
1.963191e+00 5.401647e-01
1.958071e+00 5.352617e-01
1.952914e+00 5.302309e-01
1.947720e+00 5.250684e-01
1.942516e+00 5.197910e-01
1.937228e+00 5.143188e-01
1.931966e+00 5.087534e-01
1.926679e+00 5.030364e-01
1.921319e+00 4.971053e-01
1.915961e+00 4.910283e-01
1.910531e+00 4.847094e-01
1.905140e+00 4.782641e-01
1.899679e+00 4.715496e-01
1.894158e+00 4.645550e-01
1.888689e+00 4.574000e-01
1.883154e+00 4.499146e-01
1.877604e+00 4.421351e-01
1.872021e+00 4.340020e-01
1.866500e+00 4.256223e-01
1.860914e+00 4.167681e-01
1.855337e+00 4.074912e-01
1.849880e+00 3.979354e-01
1.844315e+00 3.876338e-01
1.838942e+00 3.770472e-01
1.833556e+00 3.656999e-01
1.828320e+00 3.537966e-01
1.823232e+00 3.412210e-01
1.818294e+00 3.277952e-01
1.813549e+00 3.134210e-01
1.809186e+00 2.984164e-01
1.805021e+00 2.818263e-01
1.801315e+00 2.641358e-01
1.798149e+00 2.451871e-01
1.795575e+00 2.244479e-01
1.793701e+00 2.012131e-01
1.792749e+00 1.751596e-01
1.792974e+00 1.443410e-01
1.795151e+00 1.060471e-01
1.800361e+00 4.366469e-02
2.030890e+00 6.990269e-01
2.028000e+00 6.966891e-01
2.025131e+00 6.943497e-01
2.022274e+00 6.920023e-01
2.019419e+00 6.896390e-01
2.016574e+00 6.872661e-01
2.013748e+00 6.848899e-01
2.010938e+00 6.825107e-01
2.008136e+00 6.801199e-01
2.005339e+00 6.777164e-01
2.004313e+00 6.768327e-01
2.003291e+00 6.759496e-01
2.002272e+00 6.750660e-01
2.001255e+00 6.741829e-01
2.000244e+00 6.733017e-01
1.999219e+00 6.724065e-01
1.994292e+00 6.681017e-01
1.989316e+00 6.636891e-01
1.984378e+00 6.592444e-01
1.979422e+00 6.547227e-01
1.974456e+00 6.501274e-01
1.969519e+00 6.454914e-01
1.964535e+00 6.407379e-01
1.959570e+00 6.359249e-01
1.954619e+00 6.310469e-01
1.949614e+00 6.260321e-01
1.944641e+00 6.209599e-01
1.939639e+00 6.157661e-01
1.934623e+00 6.104586e-01
1.929641e+00 6.050841e-01
1.924607e+00 5.995446e-01
1.919575e+00 5.938902e-01
1.914558e+00 5.881292e-01
1.909491e+00 5.821793e-01
1.904476e+00 5.761512e-01
1.899405e+00 5.699060e-01
1.894331e+00 5.634946e-01
1.889304e+00 5.569720e-01
1.884234e+00 5.502067e-01
1.879173e+00 5.432543e-01
1.874133e+00 5.361112e-01
1.869084e+00 5.287217e-01
1.864089e+00 5.211549e-01
1.859052e+00 5.132443e-01
1.854082e+00 5.051306e-01
1.849180e+00 4.967962e-01
1.844225e+00 4.879965e-01
1.839404e+00 4.790227e-01
1.834630e+00 4.696834e-01
1.829885e+00 4.598843e-01
1.825315e+00 4.498813e-01
1.820777e+00 4.393043e-01
1.816393e+00 4.283557e-01
1.812151e+00 4.169346e-01
1.808101e+00 4.050797e-01
1.804194e+00 3.925456e-01
1.800552e+00 3.795779e-01
1.797155e+00 3.659889e-01
1.794047e+00 3.517660e-01
1.791211e+00 3.366014e-01
1.788778e+00 3.208898e-01
1.786736e+00 3.042643e-01
1.785127e+00 2.865841e-01
1.784025e+00 2.679144e-01
1.783476e+00 2.480077e-01
1.783547e+00 2.263576e-01
1.784341e+00 2.025229e-01
1.785993e+00 1.759069e-01
1.788750e+00 1.447988e-01
1.793121e+00 1.062007e-01
1.800146e+00 4.381468e-02
1.978984e+00 7.612674e-01
1.975978e+00 7.585403e-01
1.972992e+00 7.558049e-01
1.970025e+00 7.530601e-01
1.967066e+00 7.502959e-01
1.964136e+00 7.475322e-01
1.961241e+00 7.447732e-01
1.958367e+00 7.420067e-01
1.955504e+00 7.392240e-01
1.952645e+00 7.364182e-01
1.951595e+00 7.353847e-01
1.950548e+00 7.343507e-01
1.949504e+00 7.333160e-01
1.948463e+00 7.322806e-01
1.947424e+00 7.312445e-01
1.946348e+00 7.301681e-01
1.941334e+00 7.251488e-01
1.936276e+00 7.199968e-01
1.931268e+00 7.147975e-01
1.926248e+00 7.094866e-01
1.921225e+00 7.040758e-01
1.916240e+00 6.986023e-01
1.911229e+00 6.929896e-01
1.906247e+00 6.872925e-01
1.901288e+00 6.814989e-01
1.896295e+00 6.755366e-01
1.891356e+00 6.695004e-01
1.886406e+00 6.633070e-01
1.881466e+00 6.569699e-01
1.876578e+00 6.505386e-01
1.871658e+00 6.438884e-01
1.866781e+00 6.371102e-01
1.861954e+00 6.302023e-01
1.857107e+00 6.230539e-01
1.852317e+00 6.157584e-01
1.847570e+00 6.082815e-01
1.842842e+00 6.005703e-01
1.838180e+00 5.926774e-01
1.833558e+00 5.845409e-01
1.829001e+00 5.761807e-01
1.824520e+00 5.675926e-01
1.820100e+00 5.587177e-01
1.815780e+00 5.496048e-01
1.811551e+00 5.401987e-01
1.807440e+00 5.305223e-01
1.803428e+00 5.204915e-01
1.799567e+00 5.101801e-01
1.795897e+00 4.996606e-01
1.792305e+00 4.885506e-01
1.788951e+00 4.772579e-01
1.785775e+00 4.655331e-01
1.782845e+00 4.535502e-01
1.780097e+00 4.409597e-01
1.777628e+00 4.280809e-01
1.775411e+00 4.146714e-01
1.773510e+00 4.009989e-01
1.771886e+00 3.866319e-01
1.770608e+00 3.719531e-01
1.769660e+00 3.565760e-01
1.769074e+00 3.405623e-01
1.768877e+00 3.240404e-01
1.769088e+00 3.065853e-01
1.769734e+00 2.883249e-01
1.770848e+00 2.690947e-01
1.772470e+00 2.486855e-01
1.774662e+00 2.266978e-01
1.777500e+00 2.027241e-01
1.781073e+00 1.762057e-01
1.785669e+00 1.451359e-01
1.791653e+00 1.063122e-01
1.799985e+00 4.392725e-02
1.923910e+00 8.206264e-01
1.920765e+00 8.174874e-01
1.917646e+00 8.143344e-01
1.914534e+00 8.111496e-01
1.911422e+00 8.079234e-01
1.908337e+00 8.046829e-01
1.905279e+00 8.014294e-01
1.902271e+00 7.981871e-01
1.899297e+00 7.949399e-01
1.896342e+00 7.916743e-01
1.895260e+00 7.904739e-01
1.894182e+00 7.892723e-01
1.893107e+00 7.880694e-01
1.892036e+00 7.868652e-01
1.890967e+00 7.856581e-01
1.889791e+00 7.843240e-01
1.884635e+00 7.784744e-01
1.879444e+00 7.724459e-01
1.874312e+00 7.663333e-01
1.869170e+00 7.600518e-01
1.864090e+00 7.536869e-01
1.859011e+00 7.471524e-01
1.853986e+00 7.405073e-01
1.849015e+00 7.337439e-01
1.844037e+00 7.267684e-01
1.839141e+00 7.196929e-01
1.834291e+00 7.124570e-01
1.829461e+00 7.050080e-01
1.824724e+00 6.974435e-01
1.820026e+00 6.896618e-01
1.815389e+00 6.816840e-01
1.810859e+00 6.735722e-01
1.806371e+00 6.651888e-01
1.801979e+00 6.566117e-01
1.797713e+00 6.478806e-01
1.793515e+00 6.388519e-01
1.789438e+00 6.296084e-01
1.785504e+00 6.201729e-01
1.781698e+00 6.104827e-01
1.778025e+00 6.005142e-01
1.774507e+00 5.902845e-01
1.771187e+00 5.798880e-01
1.768024e+00 5.691625e-01
1.765043e+00 5.581313e-01
1.762283e+00 5.468969e-01
1.759732e+00 5.353630e-01
1.757427e+00 5.236573e-01
1.755330e+00 5.115248e-01
1.753490e+00 4.991759e-01
1.751895e+00 4.864422e-01
1.750579e+00 4.735429e-01
1.749526e+00 4.602261e-01
1.748761e+00 4.467141e-01
1.748279e+00 4.327800e-01
1.748092e+00 4.185544e-01
1.748205e+00 4.039883e-01
1.748626e+00 3.889334e-01
1.749355e+00 3.736421e-01
1.750417e+00 3.576735e-01
1.751805e+00 3.412887e-01
1.753520e+00 3.244736e-01
1.755612e+00 3.068171e-01
1.758089e+00 2.883208e-01
1.760962e+00 2.689474e-01
1.764254e+00 2.485341e-01
1.768027e+00 2.267039e-01
1.772401e+00 2.027372e-01
1.777452e+00 1.760760e-01
1.783351e+00 1.453913e-01
1.790554e+00 1.063960e-01
1.799862e+00 4.401296e-02
1.865976e+00 8.777163e-01
1.862578e+00 8.739959e-01
1.859243e+00 8.702840e-01
1.855937e+00 8.665407e-01
1.852667e+00 8.627750e-01
1.849424e+00 8.589773e-01
1.846185e+00 8.551174e-01
1.842980e+00 8.512335e-01
1.839858e+00 8.473900e-01
1.836802e+00 8.435688e-01
1.835681e+00 8.421595e-01
1.834549e+00 8.407280e-01
1.833421e+00 8.392929e-01
1.832298e+00 8.378543e-01
1.831179e+00 8.364118e-01
1.830035e+00 8.349266e-01
1.824629e+00 8.279113e-01
1.819264e+00 8.207139e-01
1.813981e+00 8.133841e-01
1.808771e+00 8.059047e-01
1.803590e+00 7.982004e-01
1.798543e+00 7.904121e-01
1.793547e+00 7.824038e-01
1.788624e+00 7.741875e-01
1.783850e+00 7.658749e-01
1.779126e+00 7.572793e-01
1.774523e+00 7.485049e-01
1.770080e+00 7.396054e-01
1.765711e+00 7.303911e-01
1.761500e+00 7.210044e-01
1.757463e+00 7.114616e-01
1.753554e+00 7.016315e-01
1.749816e+00 6.915819e-01
1.746279e+00 6.813644e-01
1.742940e+00 6.709575e-01
1.739771e+00 6.602240e-01
1.736829e+00 6.493285e-01
1.734110e+00 6.382156e-01
1.731635e+00 6.269551e-01
1.729388e+00 6.154429e-01
1.727380e+00 6.036961e-01
1.725622e+00 5.917299e-01
1.724128e+00 5.796143e-01
1.722890e+00 5.672830e-01
1.721919e+00 5.547976e-01
1.721208e+00 5.420912e-01
1.720765e+00 5.292370e-01
1.720584e+00 5.161385e-01
1.720668e+00 5.029168e-01
1.721015e+00 4.894003e-01
1.721619e+00 4.758113e-01
1.722492e+00 4.618386e-01
1.723612e+00 4.478023e-01
1.725000e+00 4.333973e-01
1.726636e+00 4.188216e-01
1.728523e+00 4.039946e-01
1.730686e+00 3.887224e-01
1.733096e+00 3.731863e-01
1.735799e+00 3.570832e-01
1.738758e+00 3.406216e-01
1.741958e+00 3.238301e-01
1.745518e+00 3.060945e-01
1.749396e+00 2.876039e-01
1.753563e+00 2.684273e-01
1.758094e+00 2.481722e-01
1.763106e+00 2.262462e-01
1.768570e+00 2.025987e-01
1.774715e+00 1.759818e-01
1.781642e+00 1.453154e-01
1.789714e+00 1.064603e-01
1.799767e+00 4.407933e-02
1.805127e+00 9.326957e-01
1.801392e+00 9.282107e-01
1.797739e+00 9.237254e-01
1.794186e+00 9.192657e-01
1.790658e+00 9.147351e-01
1.787181e+00 9.101660e-01
1.783753e+00 9.055545e-01
1.780348e+00 9.008598e-01
1.777065e+00 8.962270e-01
1.773863e+00 8.916037e-01
1.772694e+00 8.899014e-01
1.771531e+00 8.881947e-01
1.770374e+00 8.864830e-01
1.769218e+00 8.847571e-01
1.768053e+00 8.830039e-01
1.766893e+00 8.812407e-01
1.761271e+00 8.726961e-01
1.755843e+00 8.640832e-01
1.750462e+00 8.551421e-01
1.745253e+00 8.460729e-01
1.740176e+00 8.367852e-01
1.735228e+00 8.272328e-01
1.730494e+00 8.175562e-01
1.725893e+00 8.075659e-01
1.721492e+00 7.973660e-01
1.717332e+00 7.870255e-01
1.713348e+00 7.763587e-01
1.709612e+00 7.655125e-01
1.706130e+00 7.544824e-01
1.702912e+00 7.432703e-01
1.699937e+00 7.317746e-01
1.697246e+00 7.201155e-01
1.694847e+00 7.083069e-01
1.692741e+00 6.963474e-01
1.690928e+00 6.842413e-01
1.689407e+00 6.719741e-01
1.688177e+00 6.595268e-01
1.687242e+00 6.469834e-01
1.686597e+00 6.343089e-01
1.686237e+00 6.215578e-01
1.686157e+00 6.086816e-01
1.686348e+00 5.957397e-01
1.686805e+00 5.826846e-01
1.687517e+00 5.695615e-01
1.688477e+00 5.563452e-01
1.689678e+00 5.430416e-01
1.691116e+00 5.296104e-01
1.692787e+00 5.160162e-01
1.694668e+00 5.023929e-01
1.696777e+00 4.885536e-01
1.699068e+00 4.747430e-01
1.701587e+00 4.606344e-01
1.704288e+00 4.464652e-01
1.707221e+00 4.319379e-01
1.710339e+00 4.172560e-01
1.713628e+00 4.024490e-01
1.717145e+00 3.872337e-01
1.720864e+00 3.717024e-01
1.724801e+00 3.557531e-01
1.728935e+00 3.394486e-01
1.733300e+00 3.226143e-01
1.737938e+00 3.050561e-01
1.742809e+00 2.868779e-01
1.748011e+00 2.676547e-01
1.753470e+00 2.475557e-01
1.759341e+00 2.259046e-01
1.765700e+00 2.022228e-01
1.772606e+00 1.759115e-01
1.780343e+00 1.451994e-01
1.789065e+00 1.065099e-01
1.799693e+00 4.413105e-02
1.741763e+00 9.853376e-01
1.737600e+00 9.799222e-01
1.733527e+00 9.744640e-01
1.729635e+00 9.690925e-01
1.725766e+00 9.635881e-01
1.721967e+00 9.580113e-01
1.718244e+00 9.523666e-01
1.714651e+00 9.467404e-01
1.711169e+00 9.411062e-01
1.707760e+00 9.354123e-01
1.706516e+00 9.333108e-01
1.705282e+00 9.312015e-01
1.704058e+00 9.290843e-01
1.702836e+00 9.269469e-01
1.701625e+00 9.247984e-01
1.700445e+00 9.226644e-01
1.694760e+00 9.123788e-01
1.689231e+00 9.017672e-01
1.683931e+00 8.908579e-01
1.678892e+00 8.797039e-01
1.674127e+00 8.682681e-01
1.669653e+00 8.565434e-01
1.665521e+00 8.446138e-01
1.661726e+00 8.324326e-01
1.658276e+00 8.199711e-01
1.655217e+00 8.073589e-01
1.652546e+00 7.945792e-01
1.650270e+00 7.816685e-01
1.648373e+00 7.685480e-01
1.646870e+00 7.553311e-01
1.645753e+00 7.420386e-01
1.645010e+00 7.286877e-01
1.644629e+00 7.152932e-01
1.644594e+00 7.018752e-01
1.644888e+00 6.884316e-01
1.645493e+00 6.750006e-01
1.646395e+00 6.615498e-01
1.647571e+00 6.481383e-01
1.649008e+00 6.347159e-01
1.650688e+00 6.213149e-01
1.652609e+00 6.078413e-01
1.654743e+00 5.943961e-01
1.657078e+00 5.809596e-01
1.659603e+00 5.675247e-01
1.662298e+00 5.541250e-01
1.665188e+00 5.405879e-01
1.668235e+00 5.270491e-01
1.671454e+00 5.133943e-01
1.674785e+00 4.998409e-01
1.678312e+00 4.860106e-01
1.681969e+00 4.721421e-01
1.685778e+00 4.581113e-01
1.689696e+00 4.440543e-01
1.693800e+00 4.296753e-01
1.698049e+00 4.150888e-01
1.702379e+00 4.004885e-01
1.706958e+00 3.852890e-01
1.711639e+00 3.699510e-01
1.716460e+00 3.543182e-01
1.721548e+00 3.379648e-01
1.726732e+00 3.213813e-01
1.732155e+00 3.040777e-01
1.737860e+00 2.858702e-01
1.743726e+00 2.670503e-01
1.749947e+00 2.469194e-01
1.756420e+00 2.256414e-01
1.763479e+00 2.019299e-01
1.770965e+00 1.758572e-01
1.779335e+00 1.451091e-01
1.788559e+00 1.065487e-01
1.799634e+00 4.417166e-02
1.676699e+00 1.036072e+00
1.671885e+00 1.029553e+00
1.667214e+00 1.022973e+00
1.662751e+00 1.016426e+00
1.658339e+00 1.009667e+00
1.654036e+00 1.002771e+00
1.649950e+00 9.959159e-01
1.646010e+00 9.889778e-01
1.642194e+00 9.819026e-01
1.638531e+00 9.747366e-01
1.637251e+00 9.721857e-01
1.635982e+00 9.696067e-01
1.634728e+00 9.670077e-01
1.633490e+00 9.643901e-01
1.632276e+00 9.617531e-01
1.631051e+00 9.589253e-01
1.625479e+00 9.460680e-01
1.620100e+00 9.328001e-01
1.615142e+00 9.191562e-01
1.610711e+00 9.052466e-01
1.606813e+00 8.909540e-01
1.603501e+00 8.763926e-01
1.600815e+00 8.617276e-01
1.598724e+00 8.468816e-01
1.597233e+00 8.319991e-01
1.596309e+00 8.170330e-01
1.595926e+00 8.020728e-01
1.596049e+00 7.872089e-01
1.596636e+00 7.724083e-01
1.597644e+00 7.577220e-01
1.599038e+00 7.431203e-01
1.600775e+00 7.286536e-01
1.602819e+00 7.143280e-01
1.605137e+00 7.001528e-01
1.607698e+00 6.861175e-01
1.610474e+00 6.722337e-01
1.613473e+00 6.583463e-01
1.616644e+00 6.446003e-01
1.619970e+00 6.309802e-01
1.623435e+00 6.174736e-01
1.627065e+00 6.039293e-01
1.630819e+00 5.904442e-01
1.634662e+00 5.771009e-01
1.638645e+00 5.636822e-01
1.642723e+00 5.503094e-01
1.646915e+00 5.368814e-01
1.651166e+00 5.235548e-01
1.655578e+00 5.099853e-01
1.660029e+00 4.965213e-01
1.664588e+00 4.829345e-01
1.669263e+00 4.691858e-01
1.674002e+00 4.554046e-01
1.678857e+00 4.414237e-01
1.683802e+00 4.272970e-01
1.688857e+00 4.129514e-01
1.694009e+00 3.984058e-01
1.699319e+00 3.834609e-01
1.704701e+00 3.683406e-01
1.710245e+00 3.527648e-01
1.715930e+00 3.367619e-01
1.721793e+00 3.201927e-01
1.727784e+00 3.031392e-01
1.734072e+00 2.850821e-01
1.740520e+00 2.663133e-01
1.747236e+00 2.464212e-01
1.754244e+00 2.251780e-01
1.761756e+00 2.017016e-01
1.769697e+00 1.757785e-01
1.778549e+00 1.450384e-01
1.788163e+00 1.065791e-01
1.799588e+00 4.420367e-02
1.612536e+00 1.085903e+00
1.606539e+00 1.078227e+00
1.600758e+00 1.070423e+00
1.595179e+00 1.062443e+00
1.589697e+00 1.054084e+00
1.584529e+00 1.045648e+00
1.579613e+00 1.037010e+00
1.574914e+00 1.028058e+00
1.570619e+00 1.019156e+00
1.566608e+00 1.010030e+00
1.565164e+00 1.006626e+00
1.563758e+00 1.003186e+00
1.562415e+00 9.997735e-01
1.561157e+00 9.964307e-01
1.559994e+00 9.930871e-01
1.558988e+00 9.895239e-01
1.554224e+00 9.726668e-01
1.549620e+00 9.555230e-01
1.545847e+00 9.380937e-01
1.543103e+00 9.203575e-01
1.541433e+00 9.024955e-01
1.540783e+00 8.847666e-01
1.541045e+00 8.671904e-01
1.542101e+00 8.498721e-01
1.543826e+00 8.329576e-01
1.546123e+00 8.162846e-01
1.548890e+00 7.999595e-01
1.552027e+00 7.840511e-01
1.555474e+00 7.684895e-01
1.559187e+00 7.531995e-01
1.563117e+00 7.381788e-01
1.567212e+00 7.234671e-01
1.571445e+00 7.090228e-01
1.575828e+00 6.947058e-01
1.580294e+00 6.806547e-01
1.584844e+00 6.667914e-01
1.589497e+00 6.530100e-01
1.594199e+00 6.394144e-01
1.598955e+00 6.259579e-01
1.603801e+00 6.124984e-01
1.608649e+00 5.992562e-01
1.613594e+00 5.859416e-01
1.618560e+00 5.727422e-01
1.623560e+00 5.596013e-01
1.628644e+00 5.463724e-01
1.633753e+00 5.331856e-01
1.638898e+00 5.200066e-01
1.644122e+00 5.067061e-01
1.649352e+00 4.934562e-01
1.654680e+00 4.800144e-01
1.660051e+00 4.665037e-01
1.665451e+00 4.529470e-01
1.670985e+00 4.390703e-01
1.676482e+00 4.252811e-01
1.682192e+00 4.109497e-01
1.687873e+00 3.966507e-01
1.693718e+00 3.818900e-01
1.699642e+00 3.668581e-01
1.705624e+00 3.515778e-01
1.711846e+00 3.355671e-01
1.718104e+00 3.192943e-01
1.724569e+00 3.022831e-01
1.731232e+00 2.844855e-01
1.738135e+00 2.657122e-01
1.745199e+00 2.460444e-01
1.752613e+00 2.248210e-01
1.760458e+00 2.015289e-01
1.768765e+00 1.756382e-01
1.777952e+00 1.449846e-01
1.787861e+00 1.066022e-01
1.799553e+00 4.422819e-02
1.554464e+00 1.136422e+00
1.546282e+00 1.128092e+00
1.538201e+00 1.119355e+00
1.530255e+00 1.110125e+00
1.522337e+00 1.100095e+00
1.514928e+00 1.089712e+00
1.507813e+00 1.078429e+00
1.501428e+00 1.066734e+00
1.495726e+00 1.054302e+00
1.491009e+00 1.041711e+00
1.489396e+00 1.037022e+00
1.487893e+00 1.032224e+00
1.486522e+00 1.027343e+00
1.485372e+00 1.022572e+00
1.484555e+00 1.017897e+00
1.484322e+00 1.013029e+00
1.483200e+00 9.896928e-01
1.481778e+00 9.668614e-01
1.481668e+00 9.444186e-01
1.483188e+00 9.226081e-01
1.486058e+00 9.016789e-01
1.489893e+00 8.817419e-01
1.494428e+00 8.625494e-01
1.499424e+00 8.441624e-01
1.504710e+00 8.265515e-01
1.510221e+00 8.095091e-01
1.515840e+00 7.930954e-01
1.521570e+00 7.770923e-01
1.527323e+00 7.615943e-01
1.533112e+00 7.464523e-01
1.538918e+00 7.316322e-01
1.544696e+00 7.171739e-01
1.550509e+00 7.028768e-01
1.556269e+00 6.889104e-01
1.562052e+00 6.750600e-01
1.567799e+00 6.614360e-01
1.573535e+00 6.479578e-01
1.579271e+00 6.345797e-01
1.584963e+00 6.213860e-01
1.590694e+00 6.081749e-01
1.596365e+00 5.951590e-01
1.602088e+00 5.820709e-01
1.607772e+00 5.691068e-01
1.613474e+00 5.561281e-01
1.619188e+00 5.431426e-01
1.624881e+00 5.302119e-01
1.630642e+00 5.171310e-01
1.636351e+00 5.041593e-01
1.642168e+00 4.909304e-01
1.647935e+00 4.777878e-01
1.653803e+00 4.643862e-01
1.659648e+00 4.509931e-01
1.665590e+00 4.373246e-01
1.671543e+00 4.235668e-01
1.677579e+00 4.095403e-01
1.683697e+00 3.952353e-01
1.689842e+00 3.807533e-01
1.696159e+00 3.657469e-01
1.702443e+00 3.506564e-01
1.709005e+00 3.347277e-01
1.715564e+00 3.185803e-01
1.722326e+00 3.016815e-01
1.729270e+00 2.840023e-01
1.736466e+00 2.652894e-01
1.743773e+00 2.457683e-01
1.751469e+00 2.245697e-01
1.759545e+00 2.014071e-01
1.768119e+00 1.755138e-01
1.777531e+00 1.449467e-01
1.787647e+00 1.066186e-01
1.799528e+00 4.424556e-02
1.512020e+00 1.184483e+00
1.501162e+00 1.177114e+00
1.489941e+00 1.169289e+00
1.478140e+00 1.160744e+00
1.465591e+00 1.151148e+00
1.452701e+00 1.140491e+00
1.439135e+00 1.127801e+00
1.425912e+00 1.112707e+00
1.414267e+00 1.093735e+00
1.407002e+00 1.071435e+00
1.405117e+00 1.063302e+00
1.403905e+00 1.054832e+00
1.403401e+00 1.046584e+00
1.403601e+00 1.038804e+00
1.404661e+00 1.031011e+00
1.406845e+00 1.023241e+00
1.415607e+00 9.920615e-01
1.422904e+00 9.638152e-01
1.430658e+00 9.381224e-01
1.438857e+00 9.147780e-01
1.447277e+00 8.931355e-01
1.455674e+00 8.729366e-01
1.463895e+00 8.540072e-01
1.471991e+00 8.359189e-01
1.479883e+00 8.186604e-01
1.487611e+00 8.020264e-01
1.495147e+00 7.859938e-01
1.502515e+00 7.704544e-01
1.509758e+00 7.552806e-01
1.516820e+00 7.405575e-01
1.523809e+00 7.260434e-01
1.530626e+00 7.119193e-01
1.537391e+00 6.979327e-01
1.544009e+00 6.842640e-01
1.550593e+00 6.706739e-01
1.557047e+00 6.573515e-01
1.563486e+00 6.440570e-01
1.569809e+00 6.309887e-01
1.576132e+00 6.179093e-01
1.582356e+00 6.050126e-01
1.588587e+00 5.920801e-01
1.594741e+00 5.792795e-01
1.600903e+00 5.664318e-01
1.607012e+00 5.536583e-01
1.613127e+00 5.408330e-01
1.619215e+00 5.280199e-01
1.625306e+00 5.151520e-01
1.631397e+00 5.022319e-01
1.637488e+00 4.892512e-01
1.643605e+00 4.761524e-01
1.649735e+00 4.629512e-01
1.655888e+00 4.496225e-01
1.662093e+00 4.360889e-01
1.668322e+00 4.224057e-01
1.674611e+00 4.084764e-01
1.680958e+00 3.942969e-01
1.687349e+00 3.798755e-01
1.693867e+00 3.650094e-01
1.700393e+00 3.499366e-01
1.707130e+00 3.341699e-01
1.713920e+00 3.180253e-01
1.720839e+00 3.012840e-01
1.727995e+00 2.836186e-01
1.735358e+00 2.650076e-01
1.742835e+00 2.455592e-01
1.750710e+00 2.243963e-01
1.758938e+00 2.013213e-01
1.767687e+00 1.754307e-01
1.777250e+00 1.449213e-01
1.787505e+00 1.066296e-01
1.799512e+00 4.425720e-02
1.285417e+00 1.107530e+00
1.304335e+00 1.065630e+00
1.312720e+00 1.047059e+00
1.318670e+00 1.033881e+00
1.323922e+00 1.022248e+00
1.328217e+00 1.012734e+00
1.332319e+00 1.003649e+00
1.348634e+00 9.675137e-01
1.365628e+00 9.400115e-01
1.382188e+00 9.170058e-01
1.397501e+00 8.962911e-01
1.411400e+00 8.769386e-01
1.424005e+00 8.586630e-01
1.435661e+00 8.411377e-01
1.446545e+00 8.242730e-01
1.456741e+00 8.080765e-01
1.466409e+00 7.923940e-01
1.475654e+00 7.771272e-01
1.484524e+00 7.622487e-01
1.493056e+00 7.477360e-01
1.501311e+00 7.335183e-01
1.509338e+00 7.195354e-01
1.517112e+00 7.058506e-01
1.524746e+00 6.922830e-01
1.532165e+00 6.789761e-01
1.539474e+00 6.657530e-01
1.546620e+00 6.527204e-01
1.553670e+00 6.397624e-01
1.560598e+00 6.269337e-01
1.567448e+00 6.141566e-01
1.574201e+00 6.014697e-01
1.580899e+00 5.887985e-01
1.587516e+00 5.761954e-01
1.594103e+00 5.635611e-01
1.600614e+00 5.509855e-01
1.607126e+00 5.383218e-01
1.613562e+00 5.257167e-01
1.620030e+00 5.129560e-01
1.626418e+00 5.002617e-01
1.632875e+00 4.873319e-01
1.639245e+00 4.744748e-01
1.645717e+00 4.613039e-01
1.652106e+00 4.481876e-01
1.658614e+00 4.347051e-01
1.665061e+00 4.212184e-01
1.671629e+00 4.073375e-01
1.678180e+00 3.933372e-01
1.684828e+00 3.789586e-01
1.691539e+00 3.642552e-01
1.698313e+00 3.492001e-01
1.705223e+00 3.335995e-01
1.712250e+00 3.174584e-01
1.719326e+00 3.008761e-01
1.726702e+00 2.832156e-01
1.734229e+00 2.647195e-01
1.741902e+00 2.452866e-01
1.749935e+00 2.242135e-01
1.758317e+00 2.012303e-01
1.767246e+00 1.753454e-01
1.776962e+00 1.448953e-01
1.787358e+00 1.066409e-01
1.799495e+00 4.426918e-02
