1.110325e+00 -1.015659e+00
1.116807e+00 -1.020768e+00
1.123585e+00 -1.026101e+00
1.130551e+00 -1.031573e+00
1.137917e+00 -1.037354e+00
1.145722e+00 -1.043470e+00
1.154089e+00 -1.050025e+00
1.162840e+00 -1.056895e+00
1.172302e+00 -1.064369e+00
1.182798e+00 -1.072749e+00
1.192835e+00 -1.080888e+00
1.204119e+00 -1.090203e+00
1.217669e+00 -1.101434e+00
1.234985e+00 -1.115012e+00
1.277264e+00 -1.141198e+00
1.322905e+00 -1.040094e+00
1.343355e+00 -9.979182e-01
1.360412e+00 -9.662791e-01
1.375453e+00 -9.396377e-01
1.388895e+00 -9.160233e-01
1.401109e+00 -8.944483e-01
1.412371e+00 -8.743868e-01
1.422862e+00 -8.555426e-01
1.432774e+00 -8.375993e-01
1.442184e+00 -8.204382e-01
1.451138e+00 -8.039993e-01
1.459780e+00 -7.880304e-01
1.468098e+00 -7.725626e-01
1.476117e+00 -7.575604e-01
1.483945e+00 -7.428321e-01
1.491520e+00 -7.284995e-01
1.498955e+00 -7.143567e-01
1.506191e+00 -7.005153e-01
1.513305e+00 -6.868365e-01
1.520271e+00 -6.733732e-01
1.527134e+00 -6.600396e-01
1.533882e+00 -6.468608e-01
1.540547e+00 -6.337781e-01
1.547122e+00 -6.208064e-01
1.553633e+00 -6.078930e-01
1.560068e+00 -5.950610e-01
1.566463e+00 -5.822431e-01
1.572790e+00 -5.694890e-01
1.579101e+00 -5.566978e-01
1.585348e+00 -5.439614e-01
1.591605e+00 -5.311303e-01
1.597798e+00 -5.183493e-01
1.604028e+00 -5.054116e-01
1.610196e+00 -4.925093e-01
1.616419e+00 -4.794043e-01
1.622610e+00 -4.662659e-01
1.628832e+00 -4.529557e-01
1.635075e+00 -4.394866e-01
1.641326e+00 -4.258788e-01
1.647653e+00 -4.119701e-01
1.653975e+00 -3.979265e-01
1.660405e+00 -3.834794e-01
1.666870e+00 -3.687713e-01
1.673401e+00 -3.537128e-01
1.680075e+00 -3.380910e-01
1.686783e+00 -3.221279e-01
1.693684e+00 -3.053965e-01
1.700730e+00 -2.879453e-01
1.707935e+00 -2.696619e-01
1.715298e+00 -2.504422e-01
1.723084e+00 -2.294264e-01
1.731122e+00 -2.067880e-01
1.739685e+00 -1.813803e-01
1.748854e+00 -1.521253e-01
1.758946e+00 -1.151030e-01
1.771345e+00 -5.676568e-02
1.115070e+00 -1.008210e+00
1.121699e+00 -1.012901e+00
1.128661e+00 -1.017773e+00
1.136000e+00 -1.022845e+00
1.143641e+00 -1.028050e+00
1.151691e+00 -1.033440e+00
1.160292e+00 -1.039084e+00
1.169596e+00 -1.045030e+00
1.179714e+00 -1.051280e+00
1.190626e+00 -1.057724e+00
1.201378e+00 -1.063719e+00
1.213672e+00 -1.069981e+00
1.228038e+00 -1.076259e+00
1.245071e+00 -1.081957e+00
1.266898e+00 -1.086775e+00
1.311391e+00 -1.029281e+00
1.336392e+00 -9.922390e-01
1.355732e+00 -9.627150e-01
1.371936e+00 -9.371491e-01
1.386045e+00 -9.140715e-01
1.398690e+00 -8.928399e-01
1.410281e+00 -8.729946e-01
1.421035e+00 -8.542927e-01
1.431126e+00 -8.365184e-01
1.440685e+00 -8.194943e-01
1.449792e+00 -8.031157e-01
1.458541e+00 -7.872418e-01
1.466949e+00 -7.718614e-01
1.475071e+00 -7.568922e-01
1.482968e+00 -7.422340e-01
1.490614e+00 -7.279450e-01
1.498112e+00 -7.138421e-01
1.505398e+00 -7.000516e-01
1.512573e+00 -6.863914e-01
1.519580e+00 -6.729710e-01
1.526494e+00 -6.596532e-01
1.533277e+00 -6.465110e-01
1.539986e+00 -6.334421e-01
1.546590e+00 -6.205020e-01
1.553139e+00 -6.076005e-01
1.559601e+00 -5.947961e-01
1.566028e+00 -5.819888e-01
1.572379e+00 -5.692589e-01
1.578719e+00 -5.564772e-01
1.584987e+00 -5.437622e-01
1.591270e+00 -5.309395e-01
1.597481e+00 -5.181777e-01
1.603734e+00 -5.052474e-01
1.609926e+00 -4.923495e-01
1.616164e+00 -4.792639e-01
1.622375e+00 -4.661301e-01
1.628612e+00 -4.528364e-01
1.634874e+00 -4.393707e-01
1.641138e+00 -4.257788e-01
1.647482e+00 -4.118733e-01
1.653817e+00 -3.978415e-01
1.660262e+00 -3.833999e-01
1.666739e+00 -3.687025e-01
1.673284e+00 -3.536490e-01
1.679969e+00 -3.380368e-01
1.686690e+00 -3.220761e-01
1.693601e+00 -3.053555e-01
1.700659e+00 -2.879063e-01
1.707873e+00 -2.696306e-01
1.715247e+00 -2.504138e-01
1.723043e+00 -2.294060e-01
1.731090e+00 -2.067737e-01
1.739662e+00 -1.813683e-01
1.748839e+00 -1.521183e-01
1.758938e+00 -1.150997e-01
1.771344e+00 -5.676538e-02
1.123421e+00 -9.927976e-01
1.130354e+00 -9.967141e-01
1.137606e+00 -1.000690e+00
1.145066e+00 -1.004638e+00
1.152942e+00 -1.008633e+00
1.161252e+00 -1.012633e+00
1.170087e+00 -1.016607e+00
1.179543e+00 -1.020499e+00
1.189659e+00 -1.024185e+00
1.200366e+00 -1.027461e+00
1.210447e+00 -1.029897e+00
1.221191e+00 -1.031645e+00
1.232477e+00 -1.032466e+00
1.244131e+00 -1.032429e+00
1.256165e+00 -1.032412e+00
1.296594e+00 -1.009249e+00
1.326387e+00 -9.823128e-01
1.348423e+00 -9.563640e-01
1.366189e+00 -9.325037e-01
1.381247e+00 -9.104436e-01
1.394575e+00 -8.898531e-01
1.406686e+00 -8.704522e-01
1.417853e+00 -8.520731e-01
1.428249e+00 -8.345997e-01
1.438065e+00 -8.178130e-01
1.447441e+00 -8.015421e-01
1.456370e+00 -7.858454e-01
1.464937e+00 -7.706153e-01
1.473236e+00 -7.557101e-01
1.481251e+00 -7.411759e-01
1.489031e+00 -7.269478e-01
1.496632e+00 -7.129321e-01
1.504014e+00 -6.992142e-01
1.511285e+00 -6.856044e-01
1.518364e+00 -6.722597e-01
1.525367e+00 -6.589703e-01
1.532212e+00 -6.458927e-01
1.538997e+00 -6.328482e-01
1.545654e+00 -6.199639e-01
1.552269e+00 -6.070838e-01
1.558777e+00 -5.943280e-01
1.565262e+00 -5.815395e-01
1.571654e+00 -5.688524e-01
1.578046e+00 -5.560873e-01
1.584350e+00 -5.434103e-01
1.590679e+00 -5.306024e-01
1.596926e+00 -5.178687e-01
1.603217e+00 -5.049573e-01
1.609450e+00 -4.920673e-01
1.615714e+00 -4.790159e-01
1.621962e+00 -4.658896e-01
1.628223e+00 -4.526255e-01
1.634519e+00 -4.391659e-01
1.640805e+00 -4.256021e-01
1.647181e+00 -4.117022e-01
1.653537e+00 -3.976912e-01
1.660009e+00 -3.832594e-01
1.666507e+00 -3.685809e-01
1.673077e+00 -3.535363e-01
1.679781e+00 -3.379411e-01
1.686526e+00 -3.219838e-01
1.693453e+00 -3.052830e-01
1.700534e+00 -2.878374e-01
1.707766e+00 -2.695753e-01
1.715159e+00 -2.503636e-01
1.722969e+00 -2.293700e-01
1.731032e+00 -2.067486e-01
1.739622e+00 -1.813471e-01
1.748813e+00 -1.521059e-01
1.758925e+00 -1.150938e-01
1.771343e+00 -5.676486e-02
1.134903e+00 -9.637073e-01
1.141808e+00 -9.662393e-01
1.148949e+00 -9.686869e-01
1.156337e+00 -9.710239e-01
1.163999e+00 -9.732192e-01
1.171893e+00 -9.752201e-01
1.180002e+00 -9.769782e-01
1.188358e+00 -9.784478e-01
1.196968e+00 -9.795726e-01
1.205812e+00 -9.802853e-01
1.213735e+00 -9.805446e-01
1.221769e+00 -9.803995e-01
1.229844e+00 -9.798393e-01
1.237901e+00 -9.789330e-01
1.245881e+00 -9.779576e-01
1.277493e+00 -9.695557e-01
1.306843e+00 -9.559999e-01
1.331350e+00 -9.382374e-01
1.351605e+00 -9.188958e-01
1.368688e+00 -8.996249e-01
1.383530e+00 -8.810021e-01
1.396859e+00 -8.630099e-01
1.409058e+00 -8.456363e-01
1.420339e+00 -8.288899e-01
1.430880e+00 -8.127182e-01
1.440842e+00 -7.970144e-01
1.450280e+00 -7.817921e-01
1.459356e+00 -7.668619e-01
1.468053e+00 -7.523049e-01
1.476418e+00 -7.380883e-01
1.484568e+00 -7.240421e-01
1.492433e+00 -7.103136e-01
1.500130e+00 -6.967248e-01
1.507627e+00 -6.833415e-01
1.514956e+00 -6.701241e-01
1.522161e+00 -6.570068e-01
1.529207e+00 -6.440591e-01
1.536177e+00 -6.311407e-01
1.543003e+00 -6.183783e-01
1.549784e+00 -6.055979e-01
1.556440e+00 -5.929498e-01
1.563072e+00 -5.802472e-01
1.569599e+00 -5.676458e-01
1.576117e+00 -5.549656e-01
1.582552e+00 -5.423446e-01
1.588984e+00 -5.296320e-01
1.595361e+00 -5.169240e-01
1.601733e+00 -5.041219e-01
1.608083e+00 -4.912546e-01
1.614421e+00 -4.783019e-01
1.620778e+00 -4.651934e-01
1.627106e+00 -4.520188e-01
1.633501e+00 -4.385766e-01
1.639849e+00 -4.250937e-01
1.646315e+00 -4.112099e-01
1.652735e+00 -3.972586e-01
1.659284e+00 -3.828551e-01
1.665841e+00 -3.682307e-01
1.672481e+00 -3.532118e-01
1.679241e+00 -3.376656e-01
1.686057e+00 -3.217178e-01
1.693030e+00 -3.050745e-01
1.700175e+00 -2.876391e-01
1.707455e+00 -2.694161e-01
1.714904e+00 -2.502190e-01
1.722758e+00 -2.292662e-01
1.730865e+00 -2.066761e-01
1.739505e+00 -1.812858e-01
1.748738e+00 -1.520702e-01
1.758889e+00 -1.150769e-01
1.771340e+00 -5.676337e-02
1.144575e+00 -9.225332e-01
1.150966e+00 -9.237156e-01
1.157438e+00 -9.247653e-01
1.164009e+00 -9.256717e-01
1.170648e+00 -9.264174e-01
1.177407e+00 -9.269931e-01
1.184223e+00 -9.273789e-01
1.191138e+00 -9.275629e-01
1.198077e+00 -9.275301e-01
1.205081e+00 -9.272697e-01
1.211242e+00 -9.268588e-01
1.217432e+00 -9.262597e-01
1.223577e+00 -9.254787e-01
1.229688e+00 -9.245269e-01
1.235656e+00 -9.234916e-01
1.260016e+00 -9.183658e-01
1.283807e+00 -9.106357e-01
1.306273e+00 -9.001450e-01
1.326664e+00 -8.876066e-01
1.345124e+00 -8.736924e-01
1.361704e+00 -8.591262e-01
1.376770e+00 -8.442590e-01
1.390543e+00 -8.293801e-01
1.403244e+00 -8.146329e-01
1.415113e+00 -8.000229e-01
1.426201e+00 -7.856934e-01
1.436717e+00 -7.715348e-01
1.446728e+00 -7.575724e-01
1.456285e+00 -7.438263e-01
1.465429e+00 -7.303149e-01
1.474277e+00 -7.169242e-01
1.482826e+00 -7.037004e-01
1.491084e+00 -6.906742e-01
1.499161e+00 -6.777017e-01
1.507009e+00 -6.648855e-01
1.514675e+00 -6.521718e-01
1.522204e+00 -6.395017e-01
1.529544e+00 -6.269796e-01
1.536819e+00 -6.144065e-01
1.543902e+00 -6.020124e-01
1.550978e+00 -5.894846e-01
1.557873e+00 -5.771321e-01
1.564779e+00 -5.646251e-01
1.571529e+00 -5.522619e-01
1.578305e+00 -5.397180e-01
1.584945e+00 -5.272936e-01
1.591632e+00 -5.146491e-01
1.598191e+00 -5.021096e-01
1.604825e+00 -4.892950e-01
1.611333e+00 -4.765805e-01
1.617948e+00 -4.635180e-01
1.624433e+00 -4.505595e-01
1.631065e+00 -4.371583e-01
1.637565e+00 -4.238553e-01
1.644240e+00 -4.100248e-01
1.650813e+00 -3.962169e-01
1.657544e+00 -3.818816e-01
1.664243e+00 -3.673873e-01
1.671050e+00 -3.524302e-01
1.677944e+00 -3.370016e-01
1.684928e+00 -3.210774e-01
1.692012e+00 -3.045720e-01
1.699312e+00 -2.871615e-01
1.706708e+00 -2.690325e-01
1.714291e+00 -2.498707e-01
1.722250e+00 -2.290160e-01
1.730465e+00 -2.064983e-01
1.739224e+00 -1.811382e-01
1.748556e+00 -1.519842e-01
1.758800e+00 -1.150359e-01
1.771332e+00 -5.675974e-02
1.149283e+00 -8.740955e-01
1.154866e+00 -8.743988e-01
1.160476e+00 -8.746040e-01
1.166133e+00 -8.747074e-01
1.171793e+00 -8.747039e-01
1.177493e+00 -8.745902e-01
1.183190e+00 -8.743635e-01
1.188900e+00 -8.740208e-01
1.194608e+00 -8.735604e-01
1.200301e+00 -8.729823e-01
1.205325e+00 -8.723782e-01
1.210320e+00 -8.716836e-01
1.215302e+00 -8.708970e-01
1.220259e+00 -8.700217e-01
1.225174e+00 -8.690748e-01
1.244916e+00 -8.651278e-01
1.264463e+00 -8.597500e-01
1.283636e+00 -8.528559e-01
1.301995e+00 -8.446237e-01
1.319478e+00 -8.352216e-01
1.336097e+00 -8.248203e-01
1.351618e+00 -8.137826e-01
1.366269e+00 -8.021898e-01
1.379995e+00 -7.902974e-01
1.392973e+00 -7.781497e-01
1.405218e+00 -7.658993e-01
1.416855e+00 -7.535634e-01
1.427915e+00 -7.412320e-01
1.438487e+00 -7.289053e-01
1.448639e+00 -7.165880e-01
1.458417e+00 -7.042913e-01
1.467827e+00 -6.920682e-01
1.476920e+00 -6.799048e-01
1.485781e+00 -6.677297e-01
1.494364e+00 -6.556353e-01
1.502723e+00 -6.435850e-01
1.510917e+00 -6.315138e-01
1.518891e+00 -6.195268e-01
1.526744e+00 -6.074957e-01
1.534433e+00 -5.954990e-01
1.541991e+00 -5.835035e-01
1.549451e+00 -5.714664e-01
1.556776e+00 -5.594559e-01
1.564052e+00 -5.473418e-01
1.571215e+00 -5.352334e-01
1.578331e+00 -5.230301e-01
1.585380e+00 -5.107622e-01
1.592370e+00 -4.984255e-01
1.599341e+00 -4.859440e-01
1.606245e+00 -4.734065e-01
1.613169e+00 -4.606501e-01
1.620029e+00 -4.478305e-01
1.626937e+00 -4.347277e-01
1.633793e+00 -4.215254e-01
1.640714e+00 -4.079909e-01
1.647614e+00 -3.942779e-01
1.654576e+00 -3.802085e-01
1.661572e+00 -3.658172e-01
1.668607e+00 -3.510715e-01
1.675753e+00 -3.357901e-01
1.682992e+00 -3.199736e-01
1.690265e+00 -3.036981e-01
1.697827e+00 -2.863374e-01
1.705422e+00 -2.683698e-01
1.713236e+00 -2.492690e-01
1.721372e+00 -2.285835e-01
1.729788e+00 -2.061536e-01
1.738738e+00 -1.808821e-01
1.748241e+00 -1.518355e-01
1.758645e+00 -1.149648e-01
1.771319e+00 -5.675342e-02
1.149128e+00 -8.224123e-01
1.154005e+00 -8.222484e-01
1.158880e+00 -8.220215e-01
1.163768e+00 -8.217296e-01
1.168649e+00 -8.213727e-01
1.173526e+00 -8.209500e-01
1.178408e+00 -8.204595e-01
1.183272e+00 -8.199030e-01
1.188128e+00 -8.192791e-01
1.192974e+00 -8.185878e-01
1.197227e+00 -8.179274e-01
1.201470e+00 -8.172149e-01
1.205698e+00 -8.164511e-01
1.209900e+00 -8.156386e-01
1.214159e+00 -8.147635e-01
1.230886e+00 -8.113084e-01
1.247576e+00 -8.070221e-01
1.264073e+00 -8.018917e-01
1.280252e+00 -7.959490e-01
1.296042e+00 -7.892366e-01
1.311419e+00 -7.817980e-01
1.326316e+00 -7.737153e-01
1.340624e+00 -7.651153e-01
1.354445e+00 -7.560188e-01
1.367741e+00 -7.465251e-01
1.380503e+00 -7.367216e-01
1.392809e+00 -7.266271e-01
1.404624e+00 -7.163422e-01
1.416016e+00 -7.058768e-01
1.427000e+00 -6.952809e-01
1.437606e+00 -6.845797e-01
1.447905e+00 -6.737530e-01
1.457885e+00 -6.628549e-01
1.467554e+00 -6.519180e-01
1.476958e+00 -6.409291e-01
1.486157e+00 -6.298449e-01
1.495116e+00 -6.187348e-01
1.503842e+00 -6.076190e-01
1.512443e+00 -5.963789e-01
1.520852e+00 -5.851188e-01
1.529074e+00 -5.738518e-01
1.537234e+00 -5.624203e-01
1.545176e+00 -5.510513e-01
1.553099e+00 -5.394770e-01
1.560856e+00 -5.279136e-01
1.568550e+00 -5.162205e-01
1.576166e+00 -5.044212e-01
1.583677e+00 -4.925664e-01
1.591192e+00 -4.804842e-01
1.598604e+00 -4.683446e-01
1.606013e+00 -4.559898e-01
1.613369e+00 -4.434908e-01
1.620704e+00 -4.307983e-01
1.628049e+00 -4.178441e-01
1.635341e+00 -4.047368e-01
1.642727e+00 -3.911990e-01
1.650013e+00 -3.775655e-01
1.657486e+00 -3.632901e-01
1.664843e+00 -3.489158e-01
1.672420e+00 -3.337684e-01
1.679987e+00 -3.182470e-01
1.687622e+00 -3.021625e-01
1.695512e+00 -2.850439e-01
1.703421e+00 -2.673042e-01
1.711585e+00 -2.483223e-01
1.719996e+00 -2.279013e-01
1.728732e+00 -2.055886e-01
1.737970e+00 -1.804770e-01
1.747741e+00 -1.516010e-01
1.758400e+00 -1.148518e-01
1.771297e+00 -5.674331e-02
1.145317e+00 -7.692838e-01
1.149648e+00 -7.688785e-01
1.153974e+00 -7.684333e-01
1.158291e+00 -7.679484e-01
1.162606e+00 -7.674229e-01
1.166912e+00 -7.668571e-01
1.171205e+00 -7.662517e-01
1.175491e+00 -7.656059e-01
1.179766e+00 -7.649203e-01
1.184024e+00 -7.641963e-01
1.187771e+00 -7.635273e-01
1.191509e+00 -7.628285e-01
1.195231e+00 -7.621011e-01
1.198940e+00 -7.613439e-01
1.202637e+00 -7.605571e-01
1.217390e+00 -7.574156e-01
1.232083e+00 -7.537591e-01
1.246671e+00 -7.495829e-01
1.261049e+00 -7.449157e-01
1.275263e+00 -7.397466e-01
1.289283e+00 -7.340885e-01
1.303078e+00 -7.279619e-01
1.316582e+00 -7.214124e-01
1.329788e+00 -7.144660e-01
1.342717e+00 -7.071352e-01
1.355355e+00 -6.994544e-01
1.367653e+00 -6.914825e-01
1.379662e+00 -6.832186e-01
1.391377e+00 -6.746956e-01
1.402777e+00 -6.659605e-01
1.413893e+00 -6.570200e-01
1.424727e+00 -6.479026e-01
1.435339e+00 -6.385840e-01
1.445697e+00 -6.291150e-01
1.455812e+00 -6.195115e-01
1.465691e+00 -6.097918e-01
1.475369e+00 -5.999407e-01
1.484897e+00 -5.899240e-01
1.494195e+00 -5.798416e-01
1.503322e+00 -5.696507e-01
1.512349e+00 -5.592823e-01
1.521171e+00 -5.488667e-01
1.529884e+00 -5.383091e-01
1.538486e+00 -5.276147e-01
1.546975e+00 -5.167952e-01
1.555337e+00 -5.058773e-01
1.563646e+00 -4.947672e-01
1.571836e+00 -4.835587e-01
1.579966e+00 -4.721738e-01
1.588069e+00 -4.605657e-01
1.596018e+00 -4.489155e-01
1.604070e+00 -4.368455e-01
1.611929e+00 -4.247915e-01
1.619921e+00 -4.122529e-01
1.627773e+00 -3.996387e-01
1.635704e+00 -3.865928e-01
1.643597e+00 -3.732890e-01
1.651542e+00 -3.595524e-01
1.659510e+00 -3.454141e-01
1.667538e+00 -3.307687e-01
1.675612e+00 -3.156012e-01
1.683758e+00 -2.998155e-01
1.692089e+00 -2.831145e-01
1.700543e+00 -2.655277e-01
1.709139e+00 -2.468855e-01
1.717938e+00 -2.268785e-01
1.727176e+00 -2.046864e-01
1.736818e+00 -1.798673e-01
1.746987e+00 -1.512499e-01
1.758029e+00 -1.146807e-01
1.771264e+00 -5.672784e-02
1.138895e+00 -7.157078e-01
1.142818e+00 -7.151742e-01
1.146735e+00 -7.146146e-01
1.150644e+00 -7.140290e-01
1.154544e+00 -7.134179e-01
1.158433e+00 -7.127812e-01
1.162313e+00 -7.121188e-01
1.166183e+00 -7.114310e-01
1.170040e+00 -7.107183e-01
1.173886e+00 -7.099807e-01
1.177268e+00 -7.093110e-01
1.180640e+00 -7.086225e-01
1.184001e+00 -7.079151e-01
1.187352e+00 -7.071880e-01
1.190661e+00 -7.064492e-01
1.204013e+00 -7.034683e-01
1.217281e+00 -7.001729e-01
1.230430e+00 -6.965676e-01
1.243499e+00 -6.926377e-01
1.256476e+00 -6.883823e-01
1.269345e+00 -6.838031e-01
1.282094e+00 -6.789055e-01
1.294695e+00 -6.737013e-01
1.307118e+00 -6.682088e-01
1.319389e+00 -6.624226e-01
1.331498e+00 -6.563535e-01
1.343444e+00 -6.500104e-01
1.355202e+00 -6.434161e-01
1.366783e+00 -6.365739e-01
1.378182e+00 -6.294974e-01
1.389394e+00 -6.222025e-01
1.400418e+00 -6.147006e-01
1.411264e+00 -6.069972e-01
1.421950e+00 -5.990904e-01
1.432485e+00 -5.909832e-01
1.442835e+00 -5.827122e-01
1.453004e+00 -5.742879e-01
1.463052e+00 -5.656691e-01
1.472968e+00 -5.568721e-01
1.482718e+00 -5.479363e-01
1.492349e+00 -5.388280e-01
1.501842e+00 -5.295700e-01
1.511252e+00 -5.201172e-01
1.520533e+00 -5.105170e-01
1.529657e+00 -5.008080e-01
1.538806e+00 -4.907977e-01
1.547788e+00 -4.806931e-01
1.556673e+00 -4.704248e-01
1.565576e+00 -4.598556e-01
1.574317e+00 -4.491959e-01
1.583064e+00 -4.382426e-01
1.591747e+00 -4.270754e-01
1.600426e+00 -4.156090e-01
1.609002e+00 -4.039698e-01
1.617660e+00 -3.918912e-01
1.626216e+00 -3.796149e-01
1.634829e+00 -3.669004e-01
1.643442e+00 -3.538039e-01
1.652092e+00 -3.402405e-01
1.660725e+00 -3.262658e-01
1.669566e+00 -3.114629e-01
1.678316e+00 -2.962699e-01
1.687284e+00 -2.800959e-01
1.696424e+00 -2.628911e-01
1.705612e+00 -2.447599e-01
1.715013e+00 -2.252140e-01
1.724898e+00 -2.033586e-01
1.735123e+00 -1.789661e-01
1.745868e+00 -1.507344e-01
1.757476e+00 -1.144259e-01
1.771214e+00 -5.670444e-02
1.130579e+00 -6.618686e-01
1.134203e+00 -6.612651e-01
1.137818e+00 -6.606447e-01
1.141425e+00 -6.600076e-01
1.145023e+00 -6.593537e-01
1.148610e+00 -6.586834e-01
1.152188e+00 -6.579967e-01
1.155756e+00 -6.572935e-01
1.159313e+00 -6.565742e-01
1.162859e+00 -6.558392e-01
1.165978e+00 -6.551786e-01
1.169089e+00 -6.545056e-01
1.172190e+00 -6.538201e-01
1.175282e+00 -6.531225e-01
1.178322e+00 -6.524229e-01
1.190652e+00 -6.495855e-01
1.202857e+00 -6.465554e-01
1.215011e+00 -6.433124e-01
1.227108e+00 -6.398545e-01
1.239145e+00 -6.361795e-01
1.251113e+00 -6.322874e-01
1.263009e+00 -6.281784e-01
1.274823e+00 -6.238548e-01
1.286532e+00 -6.193250e-01
1.298155e+00 -6.145828e-01
1.309685e+00 -6.096309e-01
1.321117e+00 -6.044732e-01
1.332450e+00 -5.991122e-01
1.343676e+00 -5.935533e-01
1.354812e+00 -5.877907e-01
1.365843e+00 -5.818333e-01
1.376761e+00 -5.756900e-01
1.387577e+00 -5.693569e-01
1.398289e+00 -5.628375e-01
1.408898e+00 -5.561336e-01
1.419414e+00 -5.492435e-01
1.429844e+00 -5.421628e-01
1.440153e+00 -5.349185e-01
1.450355e+00 -5.275036e-01
1.460514e+00 -5.198733e-01
1.470582e+00 -5.120631e-01
1.480521e+00 -5.041044e-01
1.490397e+00 -4.959485e-01
1.500246e+00 -4.875608e-01
1.509976e+00 -4.790193e-01
1.519642e+00 -4.702784e-01
1.529268e+00 -4.613108e-01
1.538822e+00 -4.521445e-01
1.548363e+00 -4.427173e-01
1.557811e+00 -4.331048e-01
1.567229e+00 -4.232372e-01
1.576692e+00 -4.130240e-01
1.586009e+00 -4.026618e-01
1.595405e+00 -3.918954e-01
1.604780e+00 -3.808136e-01
1.614133e+00 -3.694040e-01
1.623487e+00 -3.576210e-01
1.632899e+00 -3.453633e-01
1.642362e+00 -3.326020e-01
1.651801e+00 -3.194052e-01
1.661359e+00 -3.055264e-01
1.671059e+00 -2.908557e-01
1.680712e+00 -2.756008e-01
1.690652e+00 -2.591389e-01
1.700763e+00 -2.414911e-01
1.711040e+00 -2.224520e-01
1.721644e+00 -2.014117e-01
1.732672e+00 -1.776493e-01
1.744227e+00 -1.499899e-01
1.756666e+00 -1.140414e-01
1.771137e+00 -5.666885e-02
1.120887e+00 -6.079342e-01
1.124289e+00 -6.072915e-01
1.127685e+00 -6.066377e-01
1.131074e+00 -6.059726e-01
1.134451e+00 -6.052976e-01
1.137818e+00 -6.046120e-01
1.141179e+00 -6.039155e-01
1.144532e+00 -6.032083e-01
1.147871e+00 -6.024920e-01
1.151200e+00 -6.017658e-01
1.154131e+00 -6.011174e-01
1.157056e+00 -6.004607e-01
1.159965e+00 -5.997977e-01
1.162861e+00 -5.991279e-01
1.165732e+00 -5.984545e-01
1.177266e+00 -5.957489e-01
1.188739e+00 -5.929045e-01
1.200166e+00 -5.899155e-01
1.211551e+00 -5.867792e-01
1.222888e+00 -5.834961e-01
1.234180e+00 -5.800645e-01
1.245419e+00 -5.764853e-01
1.256593e+00 -5.727615e-01
1.267705e+00 -5.688912e-01
1.278767e+00 -5.648699e-01
1.289780e+00 -5.606962e-01
1.300741e+00 -5.563698e-01
1.311644e+00 -5.518934e-01
1.322485e+00 -5.472673e-01
1.333266e+00 -5.424905e-01
1.344000e+00 -5.375567e-01
1.354679e+00 -5.324680e-01
1.365300e+00 -5.272262e-01
1.375870e+00 -5.218273e-01
1.386384e+00 -5.162719e-01
1.396852e+00 -5.105540e-01
1.407267e+00 -5.046762e-01
1.417631e+00 -4.986368e-01
1.427968e+00 -4.924197e-01
1.438243e+00 -4.860430e-01
1.448470e+00 -4.794962e-01
1.458674e+00 -4.727622e-01
1.468863e+00 -4.658311e-01
1.478978e+00 -4.587386e-01
1.489047e+00 -4.514639e-01
1.499171e+00 -4.439277e-01
1.509243e+00 -4.362019e-01
1.519233e+00 -4.283056e-01
1.529263e+00 -4.201364e-01
1.539330e+00 -4.116852e-01
1.549312e+00 -4.030438e-01
1.559333e+00 -3.940971e-01
1.569364e+00 -3.848559e-01
1.579371e+00 -3.753365e-01
1.589519e+00 -3.653633e-01
1.599576e+00 -3.551400e-01
1.609705e+00 -3.444813e-01
1.619950e+00 -3.333074e-01
1.630186e+00 -3.217137e-01
1.640564e+00 -3.094888e-01
1.650923e+00 -2.967696e-01
1.661534e+00 -2.831555e-01
1.672249e+00 -2.687300e-01
1.683090e+00 -2.533559e-01
1.694230e+00 -2.366216e-01
1.705518e+00 -2.185249e-01
1.717077e+00 -1.985595e-01
1.729192e+00 -1.756741e-01
1.742007e+00 -1.485208e-01
1.755534e+00 -1.132898e-01
1.771012e+00 -5.661019e-02
1.110137e+00 -5.540922e-01
1.113381e+00 -5.534208e-01
1.116620e+00 -5.527418e-01
1.119847e+00 -5.520565e-01
1.123065e+00 -5.513649e-01
1.126275e+00 -5.506663e-01
1.129478e+00 -5.499609e-01
1.132666e+00 -5.492502e-01
1.135840e+00 -5.485343e-01
1.139006e+00 -5.478119e-01
1.141795e+00 -5.471693e-01
1.144579e+00 -5.465210e-01
1.147349e+00 -5.458694e-01
1.150112e+00 -5.452127e-01
1.152882e+00 -5.445476e-01
1.163860e+00 -5.419113e-01
1.174807e+00 -5.391825e-01
1.185712e+00 -5.363610e-01
1.196580e+00 -5.334436e-01
1.207410e+00 -5.304304e-01
1.218199e+00 -5.273202e-01
1.228945e+00 -5.241126e-01
1.239643e+00 -5.208075e-01
1.250312e+00 -5.173983e-01
1.260947e+00 -5.138853e-01
1.271546e+00 -5.102676e-01
1.282106e+00 -5.065450e-01
1.292625e+00 -5.027174e-01
1.303125e+00 -4.987759e-01
1.313601e+00 -4.947196e-01
1.324045e+00 -4.905508e-01
1.334452e+00 -4.862692e-01
1.344828e+00 -4.818710e-01
1.355185e+00 -4.773503e-01
1.365533e+00 -4.726998e-01
1.375866e+00 -4.679196e-01
1.386165e+00 -4.630160e-01
1.396453e+00 -4.579748e-01
1.406723e+00 -4.527985e-01
1.416994e+00 -4.474731e-01
1.427269e+00 -4.419938e-01
1.437527e+00 -4.363660e-01
1.447780e+00 -4.305808e-01
1.458026e+00 -4.246341e-01
1.468325e+00 -4.184857e-01
1.478605e+00 -4.121706e-01
1.488886e+00 -4.056708e-01
1.499191e+00 -3.989656e-01
1.509583e+00 -3.920038e-01
1.519950e+00 -3.848487e-01
1.530311e+00 -3.774794e-01
1.540805e+00 -3.697839e-01
1.551354e+00 -3.618011e-01
1.561877e+00 -3.535766e-01
1.572508e+00 -3.449907e-01
1.583226e+00 -3.360324e-01
1.593991e+00 -3.267105e-01
1.604971e+00 -3.168460e-01
1.615979e+00 -3.065629e-01
1.627093e+00 -2.957493e-01
1.638409e+00 -2.842542e-01
1.649815e+00 -2.721152e-01
1.661568e+00 -2.589666e-01
1.673468e+00 -2.448942e-01
1.685666e+00 -2.295615e-01
1.698273e+00 -2.125774e-01
1.711196e+00 -1.937006e-01
1.724635e+00 -1.720732e-01
1.738902e+00 -1.461019e-01
1.753889e+00 -1.120753e-01
1.770806e+00 -5.651378e-02
1.098489e+00 -5.003228e-01
1.101620e+00 -4.996263e-01
1.104746e+00 -4.989256e-01
1.107854e+00 -4.982235e-01
1.110955e+00 -4.975176e-01
1.114052e+00 -4.968073e-01
1.117146e+00 -4.960925e-01
1.120226e+00 -4.953757e-01
1.123296e+00 -4.946560e-01
1.126361e+00 -4.939325e-01
1.129061e+00 -4.932910e-01
1.131758e+00 -4.926460e-01
1.134436e+00 -4.920010e-01
1.137110e+00 -4.913527e-01
1.139783e+00 -4.907004e-01
1.150420e+00 -4.881045e-01
1.161017e+00 -4.854549e-01
1.171574e+00 -4.827506e-01
1.182095e+00 -4.799902e-01
1.192579e+00 -4.771721e-01
1.203026e+00 -4.742945e-01
1.213435e+00 -4.713562e-01
1.223817e+00 -4.683535e-01
1.234170e+00 -4.652849e-01
1.244495e+00 -4.621495e-01
1.254789e+00 -4.589454e-01
1.265056e+00 -4.556716e-01
1.275305e+00 -4.523233e-01
1.285536e+00 -4.488991e-01
1.295756e+00 -4.453946e-01
1.305952e+00 -4.418121e-01
1.316144e+00 -4.381434e-01
1.326322e+00 -4.343891e-01
1.336483e+00 -4.305495e-01
1.346625e+00 -4.266230e-01
1.356789e+00 -4.225913e-01
1.366973e+00 -4.184522e-01
1.377150e+00 -4.142131e-01
1.387318e+00 -4.098724e-01
1.397487e+00 -4.054226e-01
1.407673e+00 -4.008538e-01
1.417918e+00 -3.961426e-01
1.428178e+00 -3.913041e-01
1.438441e+00 -3.863385e-01
1.448741e+00 -3.812257e-01
1.459063e+00 -3.759667e-01
1.469478e+00 -3.705191e-01
1.479928e+00 -3.649044e-01
1.490417e+00 -3.591119e-01
1.500947e+00 -3.531322e-01
1.511588e+00 -3.469159e-01
1.522336e+00 -3.404510e-01
1.533116e+00 -3.337681e-01
1.543949e+00 -3.268412e-01
1.554999e+00 -3.195473e-01
1.566178e+00 -3.119168e-01
1.577410e+00 -3.039785e-01
1.588838e+00 -2.956039e-01
1.600470e+00 -2.867468e-01
1.612168e+00 -2.774685e-01
1.624234e+00 -2.674780e-01
1.636498e+00 -2.568357e-01
1.649017e+00 -2.454066e-01
1.661954e+00 -2.329190e-01
1.675223e+00 -2.192833e-01
1.688930e+00 -2.041607e-01
1.703322e+00 -1.869116e-01
1.718401e+00 -1.669174e-01
1.734499e+00 -1.426253e-01
1.751477e+00 -1.102835e-01
1.770475e+00 -5.635191e-02
1.086034e+00 -4.466426e-01
1.089106e+00 -4.459185e-01
1.092172e+00 -4.451932e-01
1.095221e+00 -4.444693e-01
1.098264e+00 -4.437445e-01
1.101305e+00 -4.430178e-01
1.104344e+00 -4.422891e-01
1.107364e+00 -4.415624e-01
1.110377e+00 -4.408352e-01
1.113385e+00 -4.401067e-01
1.116037e+00 -4.394626e-01
1.118685e+00 -4.388169e-01
1.121313e+00 -4.381740e-01
1.123938e+00 -4.375295e-01
1.126560e+00 -4.368834e-01
1.137003e+00 -4.343106e-01
1.147403e+00 -4.317170e-01
1.157761e+00 -4.291014e-01
1.168079e+00 -4.264613e-01
1.178361e+00 -4.237936e-01
1.188612e+00 -4.210952e-01
1.198829e+00 -4.183649e-01
1.209016e+00 -4.156007e-01
1.219175e+00 -4.128002e-01
1.229307e+00 -4.099612e-01
1.239410e+00 -4.070825e-01
1.249494e+00 -4.041609e-01
1.259556e+00 -4.011949e-01
1.269612e+00 -3.981784e-01
1.279657e+00 -3.951102e-01
1.289695e+00 -3.919879e-01
1.299726e+00 -3.888096e-01
1.309746e+00 -3.855742e-01
1.319755e+00 -3.822799e-01
1.329767e+00 -3.789204e-01
1.339784e+00 -3.754929e-01
1.349836e+00 -3.719844e-01
1.359896e+00 -3.684012e-01
1.369974e+00 -3.647368e-01
1.380075e+00 -3.609868e-01
1.390188e+00 -3.571516e-01
1.400312e+00 -3.532291e-01
1.410477e+00 -3.492039e-01
1.420743e+00 -3.450470e-01
1.431043e+00 -3.407801e-01
1.441373e+00 -3.364003e-01
1.451737e+00 -3.319003e-01
1.462172e+00 -3.272588e-01
1.472721e+00 -3.224492e-01
1.483379e+00 -3.174642e-01
1.494097e+00 -3.123175e-01
1.504889e+00 -3.069924e-01
1.515770e+00 -3.014716e-01
1.526879e+00 -2.956701e-01
1.538131e+00 -2.896131e-01
1.549490e+00 -2.833028e-01
1.560960e+00 -2.767169e-01
1.572736e+00 -2.697175e-01
1.584722e+00 -2.623266e-01
1.596883e+00 -2.545268e-01
1.609403e+00 -2.461556e-01
1.622309e+00 -2.371263e-01
1.635425e+00 -2.274811e-01
1.649159e+00 -2.168182e-01
1.663296e+00 -2.051443e-01
1.678188e+00 -1.919560e-01
1.693729e+00 -1.770024e-01
1.710509e+00 -1.591547e-01
1.728409e+00 -1.374300e-01
1.747885e+00 -1.075890e-01
1.769935e+00 -5.600126e-02
1.072941e+00 -3.929884e-01
1.076006e+00 -3.922338e-01
1.079064e+00 -3.914814e-01
1.082104e+00 -3.907340e-01
1.085136e+00 -3.899887e-01
1.088169e+00 -3.892440e-01
1.091201e+00 -3.884995e-01
1.094209e+00 -3.877612e-01
1.097210e+00 -3.870249e-01
1.100207e+00 -3.862897e-01
1.102850e+00 -3.856414e-01
1.105490e+00 -3.849937e-01
1.108106e+00 -3.843516e-01
1.110719e+00 -3.837098e-01
1.113332e+00 -3.830679e-01
1.123722e+00 -3.805153e-01
1.134068e+00 -3.779715e-01
1.144364e+00 -3.754347e-01
1.154620e+00 -3.728995e-01
1.164839e+00 -3.703628e-01
1.175021e+00 -3.678218e-01
1.185166e+00 -3.652742e-01
1.195271e+00 -3.627186e-01
1.205345e+00 -3.601505e-01
1.215390e+00 -3.575675e-01
1.225405e+00 -3.549679e-01
1.235395e+00 -3.523494e-01
1.245365e+00 -3.497080e-01
1.255339e+00 -3.470354e-01
1.265294e+00 -3.443354e-01
1.275241e+00 -3.416038e-01
1.285179e+00 -3.388390e-01
1.295107e+00 -3.360385e-01
1.305026e+00 -3.332002e-01
1.314956e+00 -3.303175e-01
1.324886e+00 -3.273911e-01
1.334827e+00 -3.244157e-01
1.344808e+00 -3.213793e-01
1.354823e+00 -3.182819e-01
1.364854e+00 -3.151258e-01
1.374903e+00 -3.119078e-01
1.384971e+00 -3.086246e-01
1.395094e+00 -3.052617e-01
1.405251e+00 -3.018228e-01
1.415478e+00 -2.982917e-01
1.425784e+00 -2.946604e-01
1.436166e+00 -2.909249e-01
1.446616e+00 -2.870827e-01
1.457135e+00 -2.831286e-01
1.467720e+00 -2.790569e-01
1.478393e+00 -2.748533e-01
1.489284e+00 -2.704571e-01
1.500296e+00 -2.658959e-01
1.511431e+00 -2.611588e-01
1.522691e+00 -2.562324e-01
1.534089e+00 -2.510984e-01
1.545791e+00 -2.456630e-01
1.557725e+00 -2.399361e-01
1.569860e+00 -2.339074e-01
1.582257e+00 -2.275178e-01
1.595085e+00 -2.206392e-01
1.608325e+00 -2.132272e-01
1.621903e+00 -2.052574e-01
1.636030e+00 -1.965233e-01
1.650925e+00 -1.867592e-01
1.666414e+00 -1.758943e-01
1.683221e+00 -1.631393e-01
1.700895e+00 -1.483388e-01
1.720765e+00 -1.294927e-01
1.742683e+00 -1.035126e-01
1.769037e+00 -5.528057e-02
1.059444e+00 -3.391810e-01
1.062557e+00 -3.384015e-01
1.065663e+00 -3.376271e-01
1.068744e+00 -3.368622e-01
1.071817e+00 -3.361028e-01
1.074890e+00 -3.353466e-01
1.077965e+00 -3.345933e-01
1.081009e+00 -3.338506e-01
1.084045e+00 -3.331130e-01
1.087078e+00 -3.323790e-01
1.089753e+00 -3.317335e-01
1.092422e+00 -3.310912e-01
1.095063e+00 -3.304571e-01
1.097702e+00 -3.298252e-01
1.100340e+00 -3.291949e-01
1.110820e+00 -3.266908e-01
1.121249e+00 -3.242211e-01
1.131628e+00 -3.217803e-01
1.141944e+00 -3.193683e-01
1.152209e+00 -3.169785e-01
1.162429e+00 -3.146059e-01
1.172604e+00 -3.122470e-01
1.182726e+00 -3.099014e-01
1.192808e+00 -3.075634e-01
1.202856e+00 -3.052297e-01
1.212870e+00 -3.028972e-01
1.222849e+00 -3.005644e-01
1.232822e+00 -2.982221e-01
1.242779e+00 -2.958700e-01
1.252716e+00 -2.935074e-01
1.262635e+00 -2.911317e-01
1.272543e+00 -2.887396e-01
1.282441e+00 -2.863285e-01
1.292330e+00 -2.838958e-01
1.302221e+00 -2.814379e-01
1.312115e+00 -2.789526e-01
1.322012e+00 -2.764375e-01
1.331932e+00 -2.738852e-01
1.341905e+00 -2.712861e-01
1.351898e+00 -2.686461e-01
1.361913e+00 -2.659625e-01
1.371951e+00 -2.632323e-01
1.382041e+00 -2.604448e-01
1.392173e+00 -2.576003e-01
1.402347e+00 -2.546961e-01
1.412564e+00 -2.517281e-01
1.422887e+00 -2.486746e-01
1.433328e+00 -2.455272e-01
1.443847e+00 -2.422934e-01
1.454446e+00 -2.389668e-01
1.465136e+00 -2.355393e-01
1.475960e+00 -2.319901e-01
1.486904e+00 -2.283175e-01
1.497996e+00 -2.245035e-01
1.509340e+00 -2.205017e-01
1.520853e+00 -2.163282e-01
1.532559e+00 -2.119619e-01
1.544491e+00 -2.073741e-01
1.556652e+00 -2.025455e-01
1.569197e+00 -1.973907e-01
1.582181e+00 -1.918533e-01
1.595543e+00 -1.859187e-01
1.609323e+00 -1.795203e-01
1.623717e+00 -1.725023e-01
1.638992e+00 -1.646323e-01
1.655041e+00 -1.558177e-01
1.672229e+00 -1.456447e-01
1.691007e+00 -1.334686e-01
1.712142e+00 -1.180424e-01
1.736868e+00 -9.664509e-02
1.767492e+00 -5.380752e-02
1.046015e+00 -2.849641e-01
1.049226e+00 -2.841827e-01
1.052427e+00 -2.834097e-01
1.055598e+00 -2.826497e-01
1.058756e+00 -2.818982e-01
1.061917e+00 -2.811518e-01
1.065076e+00 -2.804107e-01
1.068196e+00 -2.796837e-01
1.071307e+00 -2.789635e-01
1.074416e+00 -2.782483e-01
1.077159e+00 -2.776206e-01
1.079882e+00 -2.770006e-01
1.082583e+00 -2.763884e-01
1.085279e+00 -2.757801e-01
1.087986e+00 -2.751721e-01
1.098688e+00 -2.727683e-01
1.109322e+00 -2.704239e-01
1.119880e+00 -2.681329e-01
1.130349e+00 -2.658924e-01
1.140750e+00 -2.636933e-01
1.151089e+00 -2.615290e-01
1.161371e+00 -2.593944e-01
1.171596e+00 -2.572869e-01
1.181759e+00 -2.552047e-01
1.191877e+00 -2.531408e-01
1.201954e+00 -2.510910e-01
1.212007e+00 -2.490496e-01
1.222031e+00 -2.470153e-01
1.232027e+00 -2.449857e-01
1.241998e+00 -2.429577e-01
1.251946e+00 -2.409288e-01
1.261873e+00 -2.388970e-01
1.271786e+00 -2.368584e-01
1.281690e+00 -2.348103e-01
1.291585e+00 -2.327507e-01
1.301482e+00 -2.306760e-01
1.311383e+00 -2.285842e-01
1.321288e+00 -2.264726e-01
1.331215e+00 -2.243358e-01
1.341201e+00 -2.221640e-01
1.351210e+00 -2.199628e-01
1.361244e+00 -2.177293e-01
1.371308e+00 -2.154605e-01
1.381434e+00 -2.131469e-01
1.391606e+00 -2.107897e-01
1.401827e+00 -2.083849e-01
1.412102e+00 -2.059290e-01
1.422468e+00 -2.034106e-01
1.432916e+00 -2.008278e-01
1.443499e+00 -1.981635e-01
1.454201e+00 -1.954165e-01
1.465015e+00 -1.925843e-01
1.475984e+00 -1.896496e-01
1.487097e+00 -1.866090e-01
1.498375e+00 -1.834496e-01
1.509827e+00 -1.801600e-01
1.521477e+00 -1.767242e-01
1.533420e+00 -1.731017e-01
1.545706e+00 -1.692613e-01
1.558301e+00 -1.651946e-01
1.571242e+00 -1.608671e-01
1.584585e+00 -1.562327e-01
1.598415e+00 -1.512261e-01
1.613035e+00 -1.456847e-01
1.628441e+00 -1.395324e-01
1.644699e+00 -1.326387e-01
1.662004e+00 -1.247697e-01
1.681523e+00 -1.151146e-01
1.703105e+00 -1.031820e-01
1.729572e+00 -8.611762e-02
1.764632e+00 -5.093925e-02
1.033393e+00 -2.299619e-01
1.036738e+00 -2.292254e-01
1.040054e+00 -2.285021e-01
1.043342e+00 -2.277916e-01
1.046620e+00 -2.270899e-01
1.049900e+00 -2.263941e-01
1.053155e+00 -2.257096e-01
1.056383e+00 -2.250364e-01
1.059606e+00 -2.243697e-01
1.062833e+00 -2.237077e-01
1.065672e+00 -2.231292e-01
1.068469e+00 -2.225629e-01
1.071259e+00 -2.220012e-01
1.074048e+00 -2.214432e-01
1.076866e+00 -2.208831e-01
1.087841e+00 -2.187013e-01
1.098735e+00 -2.165899e-01
1.109528e+00 -2.145433e-01
1.120228e+00 -2.125540e-01
1.130824e+00 -2.106189e-01
1.141335e+00 -2.087299e-01
1.151770e+00 -2.068809e-01
1.162139e+00 -2.050664e-01
1.172445e+00 -2.032822e-01
1.182674e+00 -2.015278e-01
1.192855e+00 -1.997953e-01
1.203016e+00 -1.980769e-01
1.213134e+00 -1.963740e-01
1.223205e+00 -1.946855e-01
1.233239e+00 -1.930074e-01
1.243247e+00 -1.913357e-01
1.253229e+00 -1.896681e-01
1.263189e+00 -1.880028e-01
1.273132e+00 -1.863367e-01
1.283066e+00 -1.846669e-01
1.292993e+00 -1.829915e-01
1.302919e+00 -1.813081e-01
1.312852e+00 -1.796138e-01
1.322793e+00 -1.779064e-01
1.332746e+00 -1.761837e-01
1.342736e+00 -1.744399e-01
1.352784e+00 -1.726694e-01
1.362864e+00 -1.708748e-01
1.372979e+00 -1.690536e-01
1.383149e+00 -1.672007e-01
1.393384e+00 -1.653120e-01
1.403679e+00 -1.633858e-01
1.414040e+00 -1.614186e-01
1.424478e+00 -1.594057e-01
1.435032e+00 -1.573372e-01
1.445687e+00 -1.552126e-01
1.456453e+00 -1.530258e-01
1.467342e+00 -1.507707e-01
1.478421e+00 -1.484283e-01
1.489718e+00 -1.459872e-01
1.501202e+00 -1.434473e-01
1.512909e+00 -1.407931e-01
1.524856e+00 -1.380114e-01
1.537077e+00 -1.350840e-01
1.549611e+00 -1.319885e-01
1.562507e+00 -1.286973e-01
1.575822e+00 -1.251753e-01
1.589812e+00 -1.213268e-01
1.604430e+00 -1.171248e-01
1.619788e+00 -1.124872e-01
1.636040e+00 -1.072952e-01
1.653584e+00 -1.013103e-01
1.673146e+00 -9.408518e-02
1.695414e+00 -8.497252e-02
1.722173e+00 -7.233279e-02
1.761085e+00 -4.511129e-02
1.022484e+00 -1.739908e-01
1.025973e+00 -1.733556e-01
1.029421e+00 -1.727346e-01
1.032849e+00 -1.721233e-01
1.036279e+00 -1.715181e-01
1.039683e+00 -1.709234e-01
1.043051e+00 -1.703408e-01
1.046404e+00 -1.697661e-01
1.049757e+00 -1.691968e-01
1.053087e+00 -1.686365e-01
1.055989e+00 -1.681520e-01
1.058881e+00 -1.676728e-01
1.061773e+00 -1.671971e-01
1.064666e+00 -1.667248e-01
1.067557e+00 -1.662564e-01
1.078826e+00 -1.644307e-01
1.089991e+00 -1.626745e-01
1.101026e+00 -1.609825e-01
1.111945e+00 -1.593473e-01
1.122759e+00 -1.577631e-01
1.133475e+00 -1.562247e-01
1.144083e+00 -1.547297e-01
1.154601e+00 -1.532717e-01
1.165043e+00 -1.518455e-01
1.175416e+00 -1.504470e-01
1.185744e+00 -1.490705e-01
1.196003e+00 -1.477171e-01
1.206211e+00 -1.463820e-01
1.216374e+00 -1.450621e-01
1.226496e+00 -1.437552e-01
1.236573e+00 -1.424599e-01
1.246617e+00 -1.411733e-01
1.256638e+00 -1.398921e-01
1.266638e+00 -1.386146e-01
1.276620e+00 -1.373391e-01
1.286591e+00 -1.360632e-01
1.296559e+00 -1.347846e-01
1.306526e+00 -1.335016e-01
1.316500e+00 -1.322123e-01
1.326489e+00 -1.309142e-01
1.336496e+00 -1.296054e-01
1.346523e+00 -1.282842e-01
1.356584e+00 -1.269478e-01
1.366690e+00 -1.255930e-01
1.376858e+00 -1.242160e-01
1.387091e+00 -1.228149e-01
1.397386e+00 -1.213883e-01
1.407770e+00 -1.199307e-01
1.418234e+00 -1.184413e-01
1.428786e+00 -1.169168e-01
1.439437e+00 -1.153534e-01
1.450216e+00 -1.137439e-01
1.461138e+00 -1.120837e-01
1.472212e+00 -1.103674e-01
1.483449e+00 -1.085894e-01
1.494872e+00 -1.067421e-01
1.506503e+00 -1.048165e-01
1.518386e+00 -1.027996e-01
1.530549e+00 -1.006787e-01
1.543088e+00 -9.842811e-02
1.556034e+00 -9.603006e-02
1.569430e+00 -9.346158e-02
1.583343e+00 -9.069121e-02
1.597904e+00 -8.766742e-02
1.613267e+00 -8.432298e-02
1.629586e+00 -8.057328e-02
1.647091e+00 -7.629070e-02
1.666645e+00 -7.113410e-02
1.689006e+00 -6.463909e-02
1.716089e+00 -5.565176e-02
1.756812e+00 -3.645972e-02
1.014107e+00 -1.171002e-01
1.017689e+00 -1.166208e-01
1.021261e+00 -1.161483e-01
1.024832e+00 -1.156815e-01
1.028345e+00 -1.152275e-01
1.031833e+00 -1.147817e-01
1.035319e+00 -1.143411e-01
1.038793e+00 -1.139070e-01
1.042218e+00 -1.134835e-01
1.045621e+00 -1.130674e-01
1.048622e+00 -1.127038e-01
1.051624e+00 -1.123435e-01
1.054569e+00 -1.119928e-01
1.057504e+00 -1.116463e-01
1.060470e+00 -1.112991e-01
1.072018e+00 -1.099473e-01
1.083442e+00 -1.086506e-01
1.094718e+00 -1.074070e-01
1.105850e+00 -1.062125e-01
1.116843e+00 -1.050628e-01
1.127718e+00 -1.039522e-01
1.138487e+00 -1.028759e-01
1.149160e+00 -1.018303e-01
1.159746e+00 -1.008122e-01
1.170236e+00 -9.981990e-02
1.180666e+00 -9.884814e-02
1.191029e+00 -9.789523e-02
1.201334e+00 -9.695883e-02
1.211582e+00 -9.603718e-02
1.221767e+00 -9.512946e-02
1.231913e+00 -9.423192e-02
1.242024e+00 -9.334280e-02
1.252105e+00 -9.246065e-02
1.262153e+00 -9.158462e-02
1.272182e+00 -9.071213e-02
1.282199e+00 -8.984156e-02
1.292207e+00 -8.897170e-02
1.302212e+00 -8.810114e-02
1.312222e+00 -8.722809e-02
1.322241e+00 -8.635112e-02
1.332273e+00 -8.546900e-02
1.342333e+00 -8.457974e-02
1.352425e+00 -8.368187e-02
1.362551e+00 -8.277408e-02
1.372716e+00 -8.185496e-02
1.382941e+00 -8.092178e-02
1.393234e+00 -7.997248e-02
1.403594e+00 -7.900580e-02
1.414028e+00 -7.801979e-02
1.424548e+00 -7.701207e-02
1.435196e+00 -7.597719e-02
1.445959e+00 -7.491426e-02
1.456884e+00 -7.381680e-02
1.467955e+00 -7.268408e-02
1.479190e+00 -7.151173e-02
1.490635e+00 -7.029223e-02
1.502299e+00 -6.902101e-02
1.514217e+00 -6.769036e-02
1.526423e+00 -6.629127e-02
1.538955e+00 -6.481351e-02
1.551865e+00 -6.324352e-02
1.565219e+00 -6.156417e-02
1.579097e+00 -5.975331e-02
1.593600e+00 -5.778192e-02
1.608878e+00 -5.560785e-02
1.625144e+00 -5.316909e-02
1.642734e+00 -5.036579e-02
1.662237e+00 -4.702121e-02
1.684682e+00 -4.279891e-02
1.712046e+00 -3.695130e-02
1.752531e+00 -2.506544e-02
1.008628e+00 -5.954255e-02
1.012330e+00 -5.924717e-02
1.015982e+00 -5.896018e-02
1.019606e+00 -5.867938e-02
1.023232e+00 -5.840263e-02
1.026819e+00 -5.813268e-02
1.030367e+00 -5.786935e-02
1.033900e+00 -5.761069e-02
1.037433e+00 -5.735557e-02
1.040915e+00 -5.710748e-02
1.043961e+00 -5.689301e-02
1.046999e+00 -5.668151e-02
1.050037e+00 -5.647243e-02
1.053049e+00 -5.626741e-02
1.056041e+00 -5.606581e-02
1.067813e+00 -5.527250e-02
1.079413e+00 -5.452058e-02
1.090844e+00 -5.380479e-02
1.102121e+00 -5.312148e-02
1.113255e+00 -5.246725e-02
1.124265e+00 -5.183878e-02
1.135160e+00 -5.123350e-02
1.145947e+00 -5.064913e-02
1.156616e+00 -5.008468e-02
1.167205e+00 -4.953635e-02
1.177717e+00 -4.900266e-02
1.188156e+00 -4.848210e-02
1.198527e+00 -4.797335e-02
1.208822e+00 -4.747586e-02
1.219066e+00 -4.698717e-02
1.229265e+00 -4.650609e-02
1.239425e+00 -4.603166e-02
1.249542e+00 -4.556331e-02
1.259630e+00 -4.509960e-02
1.269697e+00 -4.463935e-02
1.279747e+00 -4.418179e-02
1.289785e+00 -4.372623e-02
1.299818e+00 -4.327160e-02
1.309854e+00 -4.281693e-02
1.319896e+00 -4.236154e-02
1.329953e+00 -4.190455e-02
1.340035e+00 -4.144489e-02
1.350145e+00 -4.098182e-02
1.360287e+00 -4.051459e-02
1.370472e+00 -4.004221e-02
1.380721e+00 -3.956310e-02
1.391029e+00 -3.907677e-02
1.401401e+00 -3.858224e-02
1.411848e+00 -3.807846e-02
1.422404e+00 -3.756295e-02
1.433067e+00 -3.703499e-02
1.443845e+00 -3.649312e-02
1.454750e+00 -3.593574e-02
1.465799e+00 -3.536091e-02
1.477034e+00 -3.476517e-02
1.488464e+00 -3.414650e-02
1.500116e+00 -3.350147e-02
1.512017e+00 -3.282653e-02
1.524201e+00 -3.211728e-02
1.536710e+00 -3.136807e-02
1.549600e+00 -3.057189e-02
1.562937e+00 -2.971982e-02
1.576804e+00 -2.880030e-02
1.591305e+00 -2.779808e-02
1.606578e+00 -2.669250e-02
1.622830e+00 -2.545216e-02
1.640506e+00 -2.401794e-02
1.660035e+00 -2.231097e-02
1.682433e+00 -2.016259e-02
1.709885e+00 -1.717454e-02
1.751788e+00 -1.095219e-02
1.006422e+00 -1.512187e-03
1.010186e+00 -1.434918e-03
1.013903e+00 -1.360892e-03
1.017578e+00 -1.289770e-03
1.021240e+00 -1.220925e-03
1.024897e+00 -1.154181e-03
1.028495e+00 -1.090332e-03
1.032061e+00 -1.028747e-03
1.035627e+00 -9.688700e-04
1.039176e+00 -9.109219e-04
1.042255e+00 -8.617962e-04
1.045319e+00 -8.140483e-04
1.048382e+00 -7.674258e-04
1.051445e+00 -7.219073e-04
1.054574e+00 -6.764533e-04
1.066348e+00 -5.054536e-04
1.078046e+00 -3.495592e-04
1.089569e+00 -2.079359e-04
1.100925e+00 -7.895186e-05
1.112139e+00 3.896559e-05
1.123222e+00 1.470497e-04
1.134184e+00 2.463373e-04
1.145023e+00 3.376523e-04
1.155749e+00 4.218234e-04
1.166380e+00 4.997424e-04
1.176929e+00 5.720376e-04
1.187402e+00 6.392411e-04
1.197799e+00 7.017769e-04
1.208122e+00 7.600796e-04
1.218392e+00 8.146864e-04
1.228615e+00 8.659288e-04
1.238797e+00 9.141016e-04
1.248931e+00 9.594266e-04
1.259037e+00 1.002297e-03
1.269121e+00 1.042948e-03
1.279187e+00 1.081577e-03
1.289238e+00 1.118370e-03
1.299284e+00 1.153578e-03
1.309332e+00 1.187385e-03
1.319385e+00 1.219943e-03
1.329453e+00 1.251412e-03
1.339545e+00 1.281985e-03
1.349663e+00 1.311810e-03
1.359813e+00 1.341017e-03
1.370008e+00 1.369761e-03
1.380264e+00 1.398220e-03
1.390577e+00 1.426531e-03
1.400956e+00 1.454830e-03
1.411408e+00 1.483260e-03
1.421974e+00 1.512059e-03
1.432643e+00 1.541371e-03
1.443426e+00 1.571381e-03
1.454338e+00 1.602281e-03
1.465393e+00 1.634296e-03
1.476640e+00 1.667764e-03
1.488077e+00 1.702928e-03
1.499741e+00 1.740187e-03
1.511652e+00 1.779921e-03
1.523847e+00 1.822626e-03
1.536372e+00 1.868916e-03
1.549280e+00 1.919560e-03
1.562640e+00 1.975546e-03
1.576537e+00 2.038169e-03
1.591078e+00 2.109169e-03
1.606402e+00 2.190953e-03
1.622722e+00 2.287144e-03
1.640426e+00 2.403899e-03
1.659960e+00 2.550823e-03
1.682369e+00 2.748086e-03
1.709866e+00 3.044351e-03
1.752133e+00 3.755268e-03
1.008027e+00 5.672561e-02
1.011790e+00 5.656294e-02
1.015494e+00 5.640368e-02
1.019165e+00 5.624670e-02
1.022835e+00 5.609053e-02
1.026471e+00 5.593659e-02
1.030062e+00 5.578534e-02
1.033634e+00 5.563564e-02
1.037206e+00 5.548668e-02
1.040728e+00 5.534051e-02
1.043804e+00 5.521341e-02
1.046872e+00 5.508722e-02
1.049939e+00 5.496158e-02
1.052979e+00 5.483759e-02
1.056095e+00 5.471099e-02
1.067871e+00 5.423239e-02
1.079559e+00 5.376326e-02
1.091067e+00 5.330559e-02
1.102413e+00 5.285845e-02
1.113609e+00 5.242097e-02
1.124673e+00 5.199195e-02
1.135617e+00 5.157056e-02
1.146451e+00 5.115602e-02
1.157163e+00 5.074836e-02
1.167780e+00 5.034613e-02
1.178315e+00 4.994849e-02
1.188784e+00 4.955448e-02
1.199184e+00 4.916382e-02
1.209507e+00 4.877661e-02
1.219775e+00 4.839155e-02
1.229997e+00 4.800801e-02
1.240179e+00 4.762553e-02
1.250319e+00 4.724386e-02
1.260426e+00 4.686240e-02
1.270513e+00 4.648037e-02
1.280582e+00 4.609738e-02
1.290639e+00 4.571303e-02
1.300690e+00 4.532675e-02
1.310744e+00 4.493792e-02
1.320805e+00 4.454613e-02
1.330877e+00 4.415092e-02
1.340978e+00 4.375138e-02
1.351106e+00 4.334715e-02
1.361268e+00 4.293774e-02
1.371467e+00 4.252264e-02
1.381735e+00 4.210031e-02
1.392062e+00 4.167058e-02
1.402456e+00 4.123280e-02
1.412925e+00 4.078620e-02
1.423493e+00 4.032929e-02
1.434178e+00 3.986070e-02
1.444981e+00 3.937971e-02
1.455913e+00 3.888514e-02
1.466991e+00 3.837551e-02
1.478240e+00 3.784883e-02
1.489702e+00 3.730197e-02
1.501379e+00 3.673359e-02
1.513317e+00 3.614003e-02
1.525540e+00 3.551825e-02
1.538093e+00 3.486388e-02
1.551032e+00 3.417143e-02
1.564422e+00 3.343398e-02
1.578349e+00 3.264259e-02
1.592918e+00 3.178552e-02
1.608278e+00 3.084627e-02
1.624665e+00 2.979909e-02
1.642437e+00 2.860381e-02
1.661986e+00 2.720509e-02
1.684480e+00 2.546667e-02
1.712283e+00 2.307874e-02
1.755855e+00 1.819272e-02
1.013385e+00 1.147288e-01
1.017048e+00 1.143353e-01
1.020694e+00 1.139476e-01
1.024340e+00 1.135637e-01
1.027926e+00 1.131898e-01
1.031482e+00 1.128225e-01
1.035032e+00 1.124591e-01
1.038571e+00 1.121002e-01
1.042057e+00 1.117499e-01
1.045515e+00 1.114054e-01
1.048566e+00 1.111039e-01
1.051616e+00 1.108047e-01
1.054607e+00 1.105136e-01
1.057585e+00 1.102255e-01
1.060632e+00 1.099327e-01
1.072301e+00 1.088114e-01
1.083866e+00 1.077258e-01
1.095267e+00 1.066772e-01
1.106518e+00 1.056623e-01
1.117613e+00 1.046792e-01
1.128582e+00 1.037229e-01
1.139433e+00 1.027906e-01
1.150183e+00 1.018793e-01
1.160839e+00 1.009867e-01
1.171400e+00 1.001113e-01
1.181885e+00 9.925010e-02
1.192302e+00 9.840103e-02
1.202658e+00 9.756253e-02
1.212956e+00 9.673309e-02
1.223192e+00 9.591222e-02
1.233381e+00 9.509751e-02
1.243534e+00 9.428720e-02
1.253655e+00 9.348016e-02
1.263745e+00 9.267555e-02
1.273812e+00 9.187189e-02
1.283866e+00 9.106756e-02
1.293911e+00 9.026160e-02
1.303951e+00 8.945301e-02
1.313996e+00 8.864016e-02
1.324051e+00 8.782198e-02
1.334120e+00 8.699750e-02
1.344210e+00 8.616558e-02
1.354338e+00 8.532383e-02
1.364502e+00 8.447168e-02
1.374707e+00 8.360796e-02
1.384959e+00 8.273141e-02
1.395290e+00 8.183838e-02
1.405692e+00 8.092839e-02
1.416171e+00 7.999990e-02
1.426737e+00 7.905106e-02
1.437409e+00 7.807884e-02
1.448218e+00 7.707907e-02
1.459159e+00 7.605031e-02
1.470251e+00 7.498921e-02
1.481542e+00 7.388905e-02
1.493027e+00 7.274790e-02
1.504745e+00 7.155914e-02
1.516723e+00 7.031645e-02
1.528985e+00 6.901335e-02
1.541593e+00 6.763839e-02
1.554590e+00 6.618073e-02
1.568039e+00 6.462567e-02
1.582023e+00 6.295389e-02
1.596666e+00 6.113744e-02
1.612130e+00 5.913802e-02
1.628656e+00 5.689778e-02
1.646468e+00 5.434589e-02
1.666145e+00 5.133398e-02
1.688917e+00 4.754668e-02
1.717311e+00 4.225131e-02
1.762473e+00 3.090482e-02
1.022195e+00 1.721153e-01
1.025766e+00 1.715151e-01
1.029290e+00 1.709292e-01
1.032791e+00 1.703530e-01
1.036294e+00 1.697825e-01
1.039766e+00 1.692225e-01
1.043199e+00 1.686741e-01
1.046616e+00 1.681333e-01
1.050034e+00 1.675974e-01
1.053419e+00 1.670713e-01
1.056371e+00 1.666159e-01
1.059314e+00 1.661650e-01
1.062256e+00 1.657170e-01
1.065197e+00 1.652722e-01
1.068116e+00 1.648336e-01
1.079571e+00 1.631122e-01
1.090891e+00 1.614596e-01
1.102068e+00 1.598692e-01
1.113113e+00 1.583333e-01
1.124042e+00 1.568446e-01
1.134864e+00 1.553975e-01
1.145583e+00 1.539879e-01
1.156193e+00 1.526128e-01
1.166720e+00 1.512658e-01
1.177173e+00 1.499431e-01
1.187584e+00 1.486387e-01
1.197926e+00 1.473537e-01
1.208200e+00 1.460859e-01
1.218425e+00 1.448308e-01
1.228607e+00 1.435863e-01
1.238751e+00 1.423504e-01
1.248852e+00 1.411221e-01
1.258926e+00 1.398977e-01
1.268980e+00 1.386753e-01
1.279016e+00 1.374537e-01
1.289039e+00 1.362310e-01
1.299057e+00 1.350048e-01
1.309075e+00 1.337736e-01
1.319097e+00 1.325359e-01
1.329134e+00 1.312892e-01
1.339191e+00 1.300313e-01
1.349272e+00 1.287611e-01
1.359378e+00 1.274768e-01
1.369530e+00 1.261752e-01
1.379737e+00 1.248532e-01
1.390026e+00 1.235060e-01
1.400374e+00 1.221354e-01
1.410795e+00 1.207380e-01
1.421318e+00 1.193080e-01
1.431935e+00 1.178445e-01
1.442655e+00 1.163444e-01
1.453490e+00 1.148038e-01
1.464462e+00 1.132170e-01
1.475606e+00 1.115759e-01
1.486923e+00 1.098771e-01
1.498437e+00 1.081130e-01
1.510168e+00 1.062761e-01
1.522148e+00 1.043562e-01
1.534412e+00 1.023412e-01
1.547005e+00 1.002158e-01
1.560076e+00 9.794509e-02
1.573625e+00 9.551542e-02
1.587728e+00 9.289651e-02
1.602497e+00 9.004538e-02
1.618071e+00 8.690507e-02
1.634630e+00 8.339621e-02
1.652579e+00 7.936682e-02
1.672460e+00 7.458273e-02
1.695724e+00 6.846864e-02
1.724566e+00 5.989427e-02
1.771198e+00 4.058969e-02
1.033977e+00 2.284571e-01
1.037385e+00 2.277107e-01
1.040753e+00 2.269813e-01
1.044097e+00 2.262642e-01
1.047436e+00 2.255555e-01
1.050781e+00 2.248522e-01
1.054091e+00 2.241630e-01
1.057381e+00 2.234842e-01
1.060666e+00 2.228127e-01
1.063951e+00 2.221468e-01
1.066819e+00 2.215700e-01
1.069664e+00 2.210020e-01
1.072501e+00 2.204391e-01
1.075339e+00 2.198796e-01
1.078217e+00 2.193159e-01
1.089306e+00 2.171438e-01
1.100320e+00 2.150412e-01
1.111230e+00 2.130078e-01
1.122043e+00 2.110356e-01
1.132762e+00 2.091180e-01
1.143374e+00 2.072515e-01
1.153906e+00 2.054264e-01
1.164365e+00 2.036374e-01
1.174758e+00 2.018798e-01
1.185086e+00 2.001502e-01
1.195369e+00 1.984419e-01
1.205605e+00 1.967525e-01
1.215796e+00 1.950794e-01
1.225947e+00 1.934197e-01
1.236051e+00 1.917720e-01
1.246124e+00 1.901316e-01
1.256172e+00 1.884958e-01
1.266199e+00 1.868626e-01
1.276205e+00 1.852301e-01
1.286200e+00 1.835949e-01
1.296189e+00 1.819548e-01
1.306175e+00 1.803081e-01
1.316166e+00 1.786516e-01
1.326168e+00 1.769826e-01
1.336184e+00 1.752994e-01
1.346248e+00 1.735948e-01
1.356352e+00 1.718686e-01
1.366497e+00 1.701186e-01
1.376681e+00 1.683435e-01
1.386908e+00 1.665410e-01
1.397194e+00 1.647067e-01
1.407560e+00 1.628341e-01
1.417999e+00 1.609228e-01
1.428515e+00 1.589695e-01
1.439120e+00 1.569701e-01
1.449846e+00 1.549149e-01
1.460698e+00 1.527999e-01
1.471685e+00 1.506195e-01
1.482871e+00 1.483569e-01
1.494249e+00 1.460087e-01
1.505819e+00 1.435686e-01
1.517633e+00 1.410193e-01
1.529694e+00 1.383519e-01
1.542045e+00 1.355477e-01
1.554737e+00 1.325837e-01
1.567807e+00 1.294371e-01
1.581315e+00 1.260753e-01
1.595477e+00 1.224208e-01
1.610357e+00 1.184220e-01
1.626066e+00 1.140030e-01
1.642830e+00 1.090347e-01
1.660841e+00 1.033601e-01
1.681024e+00 9.651640e-02
1.704411e+00 8.780048e-02
1.733223e+00 7.554011e-02
1.780915e+00 4.620581e-02
1.047714e+00 2.836504e-01
1.050969e+00 2.828253e-01
1.054188e+00 2.820169e-01
1.057392e+00 2.812195e-01
1.060593e+00 2.804298e-01
1.063797e+00 2.796463e-01
1.066971e+00 2.788764e-01
1.070126e+00 2.781174e-01
1.073275e+00 2.773659e-01
1.076426e+00 2.766198e-01
1.079195e+00 2.759687e-01
1.081931e+00 2.753296e-01
1.084666e+00 2.746941e-01
1.087405e+00 2.740615e-01
1.090226e+00 2.734135e-01
1.100970e+00 2.709456e-01
1.111709e+00 2.685291e-01
1.122369e+00 2.661732e-01
1.132953e+00 2.638714e-01
1.143448e+00 2.616208e-01
1.153877e+00 2.594125e-01
1.164245e+00 2.572408e-01
1.174558e+00 2.551009e-01
1.184813e+00 2.529892e-01
1.195009e+00 2.509023e-01
1.205179e+00 2.488304e-01
1.215324e+00 2.467709e-01
1.225433e+00 2.447235e-01
1.235500e+00 2.426863e-01
1.245542e+00 2.406538e-01
1.255560e+00 2.386235e-01
1.265558e+00 2.365929e-01
1.275539e+00 2.345594e-01
1.285510e+00 2.325196e-01
1.295474e+00 2.304713e-01
1.305433e+00 2.284121e-01
1.315398e+00 2.263376e-01
1.325387e+00 2.242425e-01
1.335414e+00 2.221222e-01
1.345455e+00 2.199796e-01
1.355531e+00 2.178083e-01
1.365640e+00 2.156067e-01
1.375782e+00 2.133728e-01
1.385961e+00 2.111038e-01
1.396200e+00 2.087923e-01
1.406503e+00 2.064347e-01
1.416868e+00 2.040291e-01
1.427299e+00 2.015717e-01
1.437835e+00 1.990503e-01
1.448532e+00 1.964473e-01
1.459339e+00 1.937710e-01
1.470264e+00 1.910147e-01
1.481320e+00 1.881707e-01
1.492521e+00 1.852296e-01
1.503910e+00 1.821737e-01
1.515485e+00 1.789958e-01
1.527286e+00 1.756761e-01
1.539435e+00 1.721692e-01
1.551897e+00 1.684704e-01
1.564688e+00 1.645585e-01
1.577857e+00 1.603986e-01
1.591462e+00 1.559474e-01
1.605573e+00 1.511501e-01
1.620503e+00 1.458543e-01
1.636279e+00 1.399817e-01
1.653100e+00 1.333637e-01
1.671180e+00 1.257728e-01
1.691515e+00 1.165397e-01
1.714760e+00 1.048473e-01
1.744067e+00 8.782850e-02
1.788563e+00 4.702190e-02
1.062307e+00 3.379513e-01
1.065444e+00 3.371052e-01
1.068556e+00 3.362715e-01
1.071659e+00 3.354452e-01
1.074763e+00 3.346233e-01
1.077869e+00 3.338059e-01
1.080945e+00 3.330008e-01
1.084012e+00 3.322025e-01
1.087076e+00 3.314089e-01
1.090141e+00 3.306190e-01
1.092833e+00 3.299284e-01
1.095502e+00 3.292463e-01
1.098166e+00 3.285678e-01
1.100831e+00 3.278916e-01
1.103541e+00 3.272065e-01
1.114052e+00 3.245489e-01
1.124569e+00 3.219260e-01
1.135030e+00 3.193471e-01
1.145435e+00 3.168075e-01
1.155777e+00 3.143031e-01
1.166070e+00 3.118260e-01
1.176319e+00 3.093727e-01
1.186525e+00 3.069394e-01
1.196682e+00 3.045236e-01
1.206800e+00 3.021198e-01
1.216888e+00 2.997231e-01
1.226971e+00 2.973254e-01
1.237024e+00 2.949298e-01
1.247051e+00 2.925326e-01
1.257058e+00 2.901303e-01
1.267047e+00 2.877204e-01
1.277022e+00 2.853002e-01
1.286989e+00 2.828659e-01
1.296948e+00 2.804155e-01
1.306903e+00 2.779467e-01
1.316859e+00 2.754555e-01
1.326863e+00 2.729284e-01
1.336884e+00 2.703707e-01
1.346917e+00 2.677821e-01
1.356974e+00 2.651572e-01
1.367067e+00 2.624901e-01
1.377188e+00 2.597807e-01
1.387340e+00 2.570267e-01
1.397533e+00 2.542224e-01
1.407793e+00 2.513576e-01
1.418143e+00 2.484225e-01
1.428585e+00 2.454131e-01
1.439094e+00 2.423329e-01
1.449704e+00 2.391671e-01
1.460413e+00 2.359120e-01
1.471227e+00 2.325612e-01
1.482148e+00 2.291082e-01
1.493192e+00 2.255425e-01
1.504480e+00 2.218156e-01
1.515961e+00 2.179353e-01
1.527640e+00 2.138893e-01
1.539531e+00 2.096602e-01
1.551652e+00 2.052279e-01
1.564033e+00 2.005655e-01
1.576893e+00 1.955671e-01
1.590142e+00 1.902373e-01
1.603808e+00 1.845303e-01
1.617951e+00 1.783775e-01
1.632826e+00 1.716071e-01
1.648588e+00 1.640562e-01
1.665287e+00 1.555705e-01
1.683452e+00 1.456794e-01
1.703495e+00 1.337971e-01
1.726494e+00 1.185743e-01
1.754078e+00 9.622840e-02
1.792926e+00 4.674841e-02
1.076911e+00 3.916737e-01
1.079990e+00 3.908412e-01
1.083056e+00 3.900141e-01
1.086117e+00 3.891901e-01
1.089179e+00 3.883678e-01
1.092234e+00 3.875491e-01
1.095270e+00 3.867375e-01
1.098298e+00 3.859295e-01
1.101326e+00 3.851232e-01
1.104353e+00 3.843186e-01
1.107004e+00 3.836151e-01
1.109645e+00 3.829152e-01
1.112283e+00 3.822167e-01
1.114920e+00 3.815191e-01
1.117568e+00 3.808190e-01
1.128007e+00 3.780599e-01
1.138414e+00 3.753193e-01
1.148786e+00 3.725939e-01
1.159119e+00 3.698826e-01
1.169404e+00 3.671833e-01
1.179651e+00 3.644902e-01
1.189862e+00 3.618002e-01
1.200039e+00 3.591112e-01
1.210180e+00 3.564208e-01
1.220290e+00 3.537252e-01
1.230372e+00 3.510212e-01
1.240443e+00 3.483022e-01
1.250502e+00 3.455664e-01
1.260543e+00 3.428128e-01
1.270568e+00 3.400390e-01
1.280578e+00 3.372430e-01
1.290577e+00 3.344213e-01
1.300574e+00 3.315700e-01
1.310566e+00 3.286881e-01
1.320552e+00 3.257733e-01
1.330574e+00 3.228118e-01
1.340625e+00 3.198027e-01
1.350686e+00 3.167494e-01
1.360758e+00 3.136495e-01
1.370850e+00 3.104979e-01
1.380981e+00 3.072859e-01
1.391140e+00 3.040149e-01
1.401326e+00 3.006819e-01
1.411596e+00 2.972648e-01
1.421956e+00 2.937581e-01
1.432369e+00 2.901693e-01
1.442838e+00 2.864936e-01
1.453366e+00 2.827260e-01
1.463977e+00 2.788532e-01
1.474691e+00 2.748616e-01
1.485600e+00 2.707099e-01
1.496619e+00 2.664220e-01
1.507751e+00 2.619880e-01
1.519011e+00 2.573931e-01
1.530434e+00 2.526126e-01
1.542094e+00 2.476018e-01
1.554055e+00 2.423153e-01
1.566229e+00 2.367712e-01
1.578639e+00 2.309375e-01
1.591320e+00 2.247717e-01
1.604573e+00 2.180906e-01
1.618194e+00 2.109435e-01
1.632225e+00 2.032544e-01
1.646988e+00 1.947658e-01
1.662510e+00 1.853417e-01
1.678836e+00 1.747883e-01
1.696814e+00 1.622841e-01
1.715983e+00 1.476656e-01
1.738086e+00 1.287194e-01
1.763480e+00 1.014738e-01
1.795462e+00 4.659078e-02
1.091093e+00 4.451893e-01
1.094179e+00 4.443781e-01
1.097258e+00 4.435675e-01
1.100333e+00 4.427566e-01
1.103406e+00 4.419447e-01
1.106467e+00 4.411349e-01
1.109516e+00 4.403269e-01
1.112559e+00 4.395191e-01
1.115600e+00 4.387105e-01
1.118638e+00 4.379016e-01
1.121296e+00 4.371928e-01
1.123951e+00 4.364836e-01
1.126602e+00 4.357738e-01
1.129252e+00 4.350631e-01
1.131905e+00 4.343498e-01
1.142403e+00 4.315285e-01
1.152868e+00 4.286959e-01
1.163293e+00 4.258517e-01
1.173681e+00 4.229936e-01
1.184031e+00 4.201192e-01
1.194348e+00 4.172257e-01
1.204632e+00 4.143108e-01
1.214885e+00 4.113723e-01
1.225106e+00 4.084091e-01
1.235301e+00 4.054179e-01
1.245471e+00 4.023967e-01
1.255618e+00 3.993426e-01
1.265759e+00 3.962496e-01
1.275888e+00 3.931168e-01
1.286003e+00 3.899434e-01
1.296102e+00 3.867278e-01
1.306186e+00 3.834688e-01
1.316268e+00 3.801597e-01
1.326348e+00 3.767991e-01
1.336442e+00 3.733795e-01
1.346553e+00 3.698972e-01
1.356678e+00 3.663511e-01
1.366819e+00 3.627375e-01
1.376968e+00 3.590566e-01
1.387126e+00 3.553071e-01
1.397304e+00 3.514809e-01
1.407560e+00 3.475526e-01
1.417872e+00 3.435271e-01
1.428211e+00 3.394116e-01
1.438578e+00 3.352012e-01
1.449016e+00 3.308749e-01
1.459503e+00 3.264363e-01
1.470111e+00 3.218496e-01
1.480808e+00 3.171208e-01
1.491576e+00 3.122499e-01
1.502438e+00 3.072196e-01
1.513398e+00 3.020191e-01
1.524545e+00 2.965955e-01
1.535856e+00 2.909455e-01
1.547285e+00 2.850779e-01
1.558848e+00 2.789688e-01
1.570635e+00 2.725521e-01
1.582749e+00 2.657459e-01
1.595076e+00 2.585809e-01
1.607608e+00 2.510305e-01
1.620650e+00 2.428656e-01
1.634019e+00 2.341360e-01
1.647713e+00 2.247748e-01
1.662187e+00 2.143688e-01
1.677096e+00 2.030143e-01
1.693117e+00 1.899900e-01
1.709853e+00 1.752713e-01
1.728232e+00 1.575052e-01
1.748661e+00 1.351268e-01
1.770902e+00 1.042094e-01
1.797032e+00 4.599239e-02
1.104690e+00 4.987187e-01
1.107841e+00 4.979242e-01
1.110985e+00 4.971270e-01
1.114125e+00 4.963264e-01
1.117261e+00 4.955223e-01
1.120383e+00 4.947175e-01
1.123495e+00 4.939107e-01
1.126602e+00 4.931012e-01
1.129704e+00 4.922884e-01
1.132797e+00 4.914740e-01
1.135511e+00 4.907560e-01
1.138220e+00 4.900358e-01
1.140926e+00 4.893127e-01
1.143628e+00 4.885868e-01
1.146327e+00 4.878581e-01
1.157038e+00 4.849663e-01
1.167713e+00 4.820314e-01
1.178348e+00 4.790532e-01
1.188942e+00 4.760304e-01
1.199492e+00 4.729629e-01
1.210007e+00 4.698465e-01
1.220489e+00 4.666796e-01
1.230937e+00 4.634609e-01
1.241352e+00 4.601894e-01
1.251735e+00 4.568640e-01
1.262094e+00 4.534805e-01
1.272427e+00 4.500386e-01
1.282745e+00 4.465326e-01
1.293038e+00 4.429650e-01
1.303319e+00 4.393293e-01
1.313585e+00 4.356248e-01
1.323831e+00 4.318518e-01
1.334057e+00 4.280099e-01
1.344279e+00 4.240899e-01
1.354533e+00 4.200766e-01
1.364780e+00 4.159815e-01
1.375018e+00 4.118044e-01
1.385245e+00 4.075428e-01
1.395494e+00 4.031814e-01
1.405765e+00 3.987169e-01
1.416084e+00 3.941338e-01
1.426406e+00 3.894487e-01
1.436755e+00 3.846460e-01
1.447130e+00 3.797227e-01
1.457535e+00 3.746731e-01
1.468039e+00 3.694566e-01
1.478573e+00 3.641013e-01
1.489160e+00 3.585884e-01
1.499799e+00 3.529126e-01
1.510543e+00 3.470362e-01
1.521400e+00 3.409439e-01
1.532309e+00 3.346586e-01
1.543289e+00 3.281591e-01
1.554458e+00 3.213596e-01
1.565807e+00 3.142467e-01
1.577237e+00 3.068616e-01
1.588779e+00 2.991631e-01
1.600659e+00 2.909718e-01
1.612656e+00 2.824011e-01
1.624832e+00 2.733700e-01
1.637488e+00 2.636016e-01
1.650287e+00 2.532796e-01
1.663586e+00 2.420379e-01
1.677225e+00 2.298851e-01
1.691520e+00 2.163779e-01
1.706285e+00 2.014468e-01
1.722133e+00 1.841016e-01
1.738853e+00 1.639045e-01
1.756893e+00 1.391565e-01
1.776402e+00 1.051390e-01
1.797987e+00 4.532300e-02
1.117614e+00 5.523643e-01
1.120895e+00 5.515762e-01
1.124167e+00 5.507822e-01
1.127430e+00 5.499826e-01
1.130681e+00 5.491779e-01
1.133916e+00 5.483695e-01
1.137141e+00 5.475559e-01
1.140360e+00 5.467364e-01
1.143572e+00 5.459109e-01
1.146771e+00 5.450813e-01
1.149583e+00 5.443464e-01
1.152388e+00 5.436069e-01
1.155188e+00 5.428626e-01
1.157983e+00 5.421135e-01
1.160761e+00 5.413627e-01
1.171853e+00 5.383657e-01
1.182895e+00 5.352900e-01
1.193895e+00 5.321337e-01
1.204850e+00 5.288965e-01
1.215757e+00 5.255776e-01
1.226608e+00 5.221794e-01
1.237420e+00 5.186955e-01
1.248194e+00 5.151251e-01
1.258928e+00 5.114672e-01
1.269621e+00 5.077226e-01
1.280270e+00 5.038912e-01
1.290887e+00 4.999680e-01
1.301478e+00 4.959492e-01
1.312039e+00 4.918358e-01
1.322562e+00 4.876290e-01
1.333047e+00 4.833280e-01
1.343512e+00 4.789252e-01
1.353953e+00 4.744197e-01
1.364395e+00 4.697996e-01
1.374806e+00 4.650770e-01
1.385188e+00 4.602482e-01
1.395562e+00 4.553026e-01
1.405923e+00 4.502402e-01
1.416307e+00 4.450407e-01
1.426672e+00 4.397214e-01
1.437032e+00 4.342713e-01
1.447389e+00 4.286873e-01
1.457766e+00 4.229527e-01
1.468183e+00 4.170514e-01
1.478588e+00 4.110070e-01
1.489002e+00 4.048022e-01
1.499462e+00 3.984094e-01
1.510010e+00 3.917955e-01
1.520549e+00 3.850105e-01
1.531093e+00 3.780386e-01
1.541755e+00 3.707953e-01
1.552525e+00 3.632733e-01
1.563296e+00 3.555317e-01
1.574135e+00 3.475102e-01
1.585144e+00 3.391127e-01
1.596183e+00 3.304225e-01
1.607401e+00 3.212999e-01
1.618818e+00 3.116928e-01
1.630253e+00 3.017157e-01
1.642019e+00 2.910525e-01
1.653873e+00 2.798598e-01
1.666028e+00 2.678704e-01
1.678415e+00 2.550567e-01
1.691194e+00 2.411264e-01
1.704228e+00 2.260573e-01
1.717974e+00 2.090736e-01
1.732218e+00 1.900193e-01
1.747205e+00 1.679383e-01
1.763300e+00 1.410699e-01
1.780034e+00 1.057390e-01
1.798538e+00 4.493740e-02
1.129808e+00 6.061505e-01
1.133266e+00 6.053654e-01
1.136713e+00 6.045705e-01
1.140152e+00 6.037655e-01
1.143582e+00 6.029503e-01
1.147000e+00 6.021260e-01
1.150406e+00 6.012926e-01
1.153803e+00 6.004495e-01
1.157184e+00 5.995987e-01
1.160546e+00 5.987410e-01
1.163501e+00 5.979783e-01
1.166448e+00 5.972083e-01
1.169388e+00 5.964308e-01
1.172320e+00 5.956462e-01
1.175221e+00 5.948606e-01
1.186874e+00 5.917055e-01
1.198462e+00 5.884285e-01
1.209996e+00 5.850228e-01
1.221480e+00 5.814883e-01
1.232907e+00 5.778257e-01
1.244270e+00 5.740370e-01
1.255556e+00 5.701258e-01
1.266785e+00 5.660864e-01
1.277963e+00 5.619151e-01
1.289082e+00 5.576147e-01
1.300149e+00 5.531839e-01
1.311151e+00 5.486262e-01
1.322092e+00 5.439414e-01
1.332970e+00 5.391291e-01
1.343803e+00 5.341817e-01
1.354580e+00 5.291041e-01
1.365305e+00 5.238944e-01
1.375987e+00 5.185477e-01
1.386606e+00 5.130729e-01
1.397180e+00 5.074599e-01
1.407705e+00 5.017111e-01
1.418213e+00 4.958077e-01
1.428675e+00 4.897638e-01
1.439075e+00 4.835866e-01
1.449438e+00 4.772619e-01
1.459816e+00 4.707539e-01
1.470166e+00 4.640865e-01
1.480453e+00 4.572783e-01
1.490700e+00 4.503133e-01
1.501014e+00 4.431137e-01
1.511300e+00 4.357384e-01
1.521523e+00 4.282078e-01
1.531777e+00 4.204493e-01
1.542066e+00 4.124487e-01
1.552338e+00 4.042389e-01
1.562641e+00 3.957726e-01
1.572980e+00 3.870318e-01
1.583267e+00 3.780794e-01
1.593732e+00 3.687018e-01
1.604218e+00 3.590150e-01
1.614660e+00 3.490596e-01
1.625306e+00 3.385777e-01
1.635927e+00 3.277589e-01
1.646794e+00 3.162945e-01
1.657687e+00 3.043617e-01
1.668783e+00 2.917151e-01
1.679941e+00 2.784405e-01
1.691407e+00 2.641594e-01
1.702951e+00 2.490321e-01
1.715020e+00 2.323111e-01
1.727392e+00 2.140246e-01
1.740137e+00 1.936993e-01
1.753475e+00 1.703851e-01
1.767714e+00 1.423685e-01
1.782468e+00 1.061098e-01
1.798878e+00 4.469994e-02
1.141162e+00 6.600683e-01
1.144864e+00 6.592858e-01
1.148556e+00 6.584875e-01
1.152236e+00 6.576734e-01
1.155906e+00 6.568439e-01
1.159563e+00 6.559991e-01
1.163208e+00 6.551393e-01
1.166840e+00 6.542646e-01
1.170461e+00 6.533753e-01
1.174068e+00 6.524718e-01
1.177239e+00 6.516640e-01
1.180399e+00 6.508449e-01
1.183546e+00 6.500154e-01
1.186674e+00 6.491773e-01
1.189752e+00 6.483393e-01
1.202190e+00 6.449528e-01
1.214535e+00 6.413848e-01
1.226816e+00 6.376207e-01
1.239024e+00 6.336629e-01
1.251154e+00 6.295138e-01
1.263201e+00 6.251739e-01
1.275136e+00 6.206556e-01
1.286981e+00 6.159520e-01
1.298734e+00 6.110647e-01
1.310392e+00 6.059974e-01
1.321950e+00 6.007547e-01
1.333393e+00 5.953447e-01
1.344742e+00 5.897613e-01
1.355994e+00 5.840082e-01
1.367153e+00 5.780852e-01
1.378209e+00 5.720006e-01
1.389165e+00 5.657562e-01
1.400011e+00 5.593588e-01
1.410762e+00 5.528036e-01
1.421442e+00 5.460781e-01
1.432042e+00 5.391889e-01
1.442532e+00 5.321576e-01
1.452912e+00 5.249866e-01
1.463258e+00 5.176256e-01
1.473537e+00 5.100965e-01
1.483707e+00 5.024309e-01
1.493828e+00 4.945856e-01
1.503883e+00 4.865716e-01
1.513873e+00 4.783872e-01
1.523838e+00 4.699991e-01
1.533741e+00 4.614339e-01
1.543543e+00 4.527235e-01
1.553410e+00 4.437192e-01
1.563221e+00 4.345205e-01
1.572914e+00 4.251805e-01
1.582703e+00 4.154911e-01
1.592459e+00 4.055632e-01
1.602198e+00 3.953723e-01
1.611941e+00 3.848815e-01
1.621644e+00 3.741266e-01
1.631535e+00 3.628342e-01
1.641297e+00 3.513358e-01
1.651204e+00 3.392894e-01
1.661101e+00 3.268462e-01
1.671235e+00 3.136534e-01
1.681280e+00 3.000738e-01
1.691590e+00 2.855731e-01
1.701955e+00 2.703526e-01
1.712585e+00 2.539930e-01
1.723501e+00 2.362801e-01
1.734613e+00 2.171250e-01
1.746051e+00 1.959737e-01
1.758028e+00 1.718655e-01
1.770852e+00 1.430533e-01
1.784185e+00 1.061266e-01
1.799100e+00 4.454472e-02
1.151436e+00 7.141090e-01
1.155474e+00 7.133372e-01
1.159501e+00 7.125404e-01
1.163518e+00 7.117184e-01
1.167520e+00 7.108722e-01
1.171508e+00 7.100021e-01
1.175484e+00 7.091076e-01
1.179445e+00 7.081896e-01
1.183388e+00 7.072490e-01
1.187317e+00 7.062853e-01
1.190770e+00 7.054178e-01
1.194208e+00 7.045331e-01
1.197632e+00 7.036313e-01
1.201044e+00 7.027116e-01
1.204432e+00 7.017768e-01
1.217944e+00 6.980489e-01
1.231334e+00 6.940475e-01
1.244629e+00 6.897510e-01
1.257814e+00 6.851638e-01
1.270879e+00 6.802920e-01
1.283809e+00 6.751426e-01
1.296542e+00 6.697461e-01
1.309126e+00 6.640895e-01
1.321554e+00 6.581815e-01
1.333820e+00 6.520331e-01
1.345894e+00 6.456675e-01
1.357789e+00 6.390881e-01
1.369529e+00 6.322896e-01
1.381100e+00 6.252896e-01
1.392488e+00 6.181059e-01
1.403703e+00 6.107433e-01
1.414741e+00 6.032131e-01
1.425616e+00 5.955161e-01
1.436341e+00 5.876527e-01
1.446926e+00 5.796222e-01
1.457359e+00 5.714434e-01
1.467647e+00 5.631170e-01
1.477775e+00 5.546640e-01
1.487811e+00 5.460341e-01
1.497742e+00 5.372439e-01
1.507506e+00 5.283521e-01
1.517178e+00 5.192979e-01
1.526795e+00 5.100492e-01
1.536259e+00 5.007014e-01
1.545681e+00 4.911507e-01
1.555002e+00 4.814534e-01
1.564269e+00 4.715654e-01
1.573478e+00 4.614874e-01
1.582554e+00 4.512991e-01
1.591724e+00 4.407474e-01
1.600754e+00 4.300889e-01
1.609748e+00 4.191986e-01
1.618803e+00 4.079537e-01
1.627766e+00 3.965276e-01
1.636752e+00 3.847637e-01
1.645744e+00 3.726708e-01
1.654817e+00 3.601223e-01
1.663783e+00 3.473549e-01
1.672967e+00 3.338797e-01
1.682124e+00 3.200085e-01
1.691342e+00 3.055638e-01
1.700748e+00 2.902891e-01
1.710179e+00 2.743603e-01
1.719907e+00 2.572131e-01
1.729765e+00 2.389813e-01
1.739925e+00 2.191399e-01
1.750404e+00 1.973094e-01
1.761373e+00 1.725847e-01
1.773116e+00 1.432644e-01
1.785374e+00 1.060357e-01
1.799247e+00 4.444192e-02
1.160220e+00 7.682789e-01
1.164738e+00 7.675413e-01
1.169236e+00 7.667643e-01
1.173721e+00 7.659467e-01
1.178200e+00 7.650877e-01
1.182655e+00 7.641904e-01
1.187094e+00 7.632538e-01
1.191520e+00 7.622774e-01
1.195920e+00 7.612647e-01
1.200300e+00 7.602147e-01
1.204148e+00 7.592596e-01
1.207975e+00 7.582775e-01
1.211782e+00 7.572677e-01
1.215574e+00 7.562282e-01
1.219390e+00 7.551373e-01
1.234365e+00 7.508572e-01
1.249187e+00 7.461768e-01
1.263838e+00 7.410532e-01
1.278296e+00 7.354928e-01
1.292537e+00 7.295133e-01
1.306519e+00 7.231446e-01
1.320184e+00 7.164314e-01
1.333583e+00 7.093718e-01
1.346705e+00 7.019928e-01
1.359494e+00 6.943494e-01
1.371984e+00 6.864493e-01
1.384203e+00 6.782991e-01
1.396127e+00 6.699408e-01
1.407769e+00 6.613905e-01
1.419145e+00 6.526600e-01
1.430252e+00 6.437768e-01
1.441101e+00 6.347547e-01
1.451697e+00 6.256108e-01
1.462110e+00 6.163053e-01
1.472311e+00 6.068810e-01
1.482291e+00 5.973612e-01
1.492082e+00 5.877348e-01
1.501702e+00 5.779979e-01
1.511192e+00 5.681202e-01
1.520495e+00 5.581730e-01
1.529631e+00 5.481459e-01
1.538724e+00 5.379133e-01
1.547619e+00 5.276535e-01
1.556424e+00 5.172524e-01
1.565168e+00 5.066799e-01
1.573774e+00 4.960326e-01
1.582320e+00 4.852192e-01
1.590785e+00 4.742668e-01
1.599217e+00 4.631126e-01
1.607542e+00 4.518543e-01
1.615913e+00 4.402833e-01
1.624126e+00 4.286744e-01
1.632449e+00 4.166494e-01
1.640671e+00 4.044948e-01
1.648910e+00 3.920315e-01
1.657172e+00 3.792358e-01
1.665443e+00 3.661086e-01
1.673715e+00 3.526439e-01
1.682138e+00 3.385699e-01
1.690452e+00 3.242782e-01
1.699049e+00 3.090631e-01
1.707648e+00 2.933451e-01
1.716290e+00 2.769890e-01
1.725320e+00 2.592480e-01
1.734445e+00 2.405141e-01
1.743727e+00 2.204851e-01
1.753468e+00 1.982246e-01
1.763700e+00 1.730809e-01
1.774673e+00 1.434088e-01
1.786184e+00 1.059740e-01
1.799346e+00 4.437293e-02
1.166886e+00 8.226325e-01
1.172071e+00 8.219934e-01
1.177267e+00 8.212823e-01
1.182440e+00 8.205033e-01
1.187601e+00 8.196543e-01
1.192752e+00 8.187347e-01
1.197871e+00 8.177491e-01
1.202976e+00 8.166937e-01
1.208047e+00 8.155730e-01
1.213085e+00 8.143884e-01
1.217511e+00 8.132918e-01
1.221900e+00 8.121491e-01
1.226259e+00 8.109575e-01
1.230592e+00 8.097051e-01
1.234904e+00 8.083378e-01
1.251866e+00 8.029596e-01
1.268666e+00 7.970955e-01
1.285085e+00 7.906086e-01
1.301118e+00 7.834769e-01
1.316717e+00 7.757496e-01
1.331752e+00 7.675422e-01
1.346306e+00 7.588727e-01
1.360369e+00 7.498069e-01
1.373864e+00 7.404615e-01
1.386894e+00 7.308336e-01
1.399447e+00 7.209937e-01
1.411544e+00 7.109854e-01
1.423247e+00 7.008116e-01
1.434547e+00 6.905311e-01
1.445497e+00 6.801435e-01
1.456100e+00 6.696846e-01
1.466376e+00 6.591751e-01
1.476377e+00 6.485981e-01
1.486148e+00 6.379329e-01
1.495649e+00 6.272509e-01
1.504913e+00 6.165392e-01
1.514012e+00 6.057384e-01
1.522918e+00 5.948974e-01
1.531622e+00 5.840445e-01
1.540199e+00 5.731032e-01
1.548652e+00 5.620810e-01
1.556894e+00 5.511021e-01
1.565144e+00 5.398896e-01
1.573196e+00 5.287212e-01
1.581197e+00 5.174092e-01
1.589114e+00 5.060011e-01
1.596905e+00 4.945599e-01
1.604726e+00 4.828657e-01
1.612409e+00 4.711623e-01
1.620114e+00 4.592108e-01
1.627733e+00 4.471743e-01
1.635357e+00 4.349071e-01
1.642955e+00 4.224534e-01
1.650542e+00 4.097798e-01
1.658158e+00 3.968096e-01
1.665788e+00 3.835531e-01
1.673429e+00 3.700005e-01
1.681135e+00 3.560353e-01
1.688862e+00 3.417095e-01
1.696675e+00 3.268760e-01
1.704608e+00 3.114147e-01
1.712630e+00 2.953419e-01
1.720783e+00 2.784927e-01
1.729129e+00 2.606491e-01
1.737729e+00 2.415423e-01
1.746495e+00 2.211566e-01
1.755594e+00 1.988386e-01
1.765299e+00 1.734202e-01
1.775736e+00 1.435070e-01
1.786732e+00 1.059322e-01
1.799412e+00 4.432672e-02
1.170141e+00 8.770859e-01
1.176365e+00 8.767064e-01
1.182596e+00 8.762013e-01
1.188845e+00 8.755658e-01
1.195084e+00 8.748008e-01
1.201282e+00 8.739096e-01
1.207465e+00 8.728880e-01
1.213602e+00 8.717416e-01
1.219718e+00 8.704667e-01
1.225758e+00 8.690770e-01
1.231068e+00 8.677540e-01
1.236307e+00 8.663480e-01
1.241493e+00 8.648426e-01
1.246598e+00 8.631834e-01
1.251568e+00 8.611885e-01
1.271168e+00 8.533216e-01
1.290364e+00 8.453269e-01
1.308917e+00 8.365085e-01
1.326656e+00 8.268076e-01
1.343335e+00 8.164681e-01
1.359133e+00 8.055623e-01
1.374045e+00 7.942630e-01
1.388104e+00 7.827128e-01
1.401413e+00 7.709821e-01
1.414004e+00 7.591756e-01
1.426003e+00 7.472942e-01
1.437429e+00 7.354180e-01
1.448403e+00 7.235067e-01
1.458920e+00 7.116343e-01
1.469046e+00 6.997901e-01
1.478788e+00 6.880188e-01
1.488253e+00 6.762395e-01
1.497442e+00 6.644870e-01
1.506338e+00 6.528142e-01
1.515031e+00 6.411373e-01
1.523525e+00 6.294721e-01
1.531797e+00 6.178704e-01
1.539942e+00 6.062215e-01
1.547919e+00 5.945981e-01
1.555743e+00 5.829914e-01
1.563478e+00 5.713197e-01
1.571065e+00 5.596795e-01
1.578589e+00 5.479529e-01
1.586019e+00 5.361921e-01
1.593350e+00 5.244094e-01
1.600665e+00 5.124790e-01
1.607850e+00 5.005858e-01
1.615083e+00 4.884401e-01
1.622168e+00 4.763656e-01
1.629348e+00 4.639567e-01
1.636370e+00 4.516367e-01
1.643534e+00 4.388867e-01
1.650535e+00 4.262307e-01
1.657713e+00 4.130587e-01
1.664742e+00 3.999456e-01
1.671961e+00 3.862596e-01
1.679082e+00 3.725183e-01
1.686359e+00 3.582186e-01
1.693650e+00 3.436093e-01
1.700994e+00 3.285833e-01
1.708541e+00 3.127961e-01
1.716047e+00 2.966954e-01
1.723862e+00 2.794789e-01
1.731800e+00 2.614366e-01
1.739957e+00 2.422344e-01
1.748363e+00 2.216070e-01
1.757067e+00 1.991597e-01
1.766373e+00 1.736471e-01
1.776445e+00 1.435725e-01
1.787096e+00 1.059046e-01
1.799456e+00 4.429624e-02
1.167720e+00 9.317234e-01
1.175350e+00 9.320838e-01
1.183104e+00 9.322172e-01
1.190986e+00 9.321029e-01
1.198925e+00 9.317237e-01
1.206943e+00 9.310635e-01
1.214964e+00 9.301157e-01
1.222975e+00 9.288756e-01
1.230956e+00 9.273414e-01
1.238824e+00 9.255330e-01
1.245634e+00 9.237399e-01
1.252264e+00 9.217582e-01
1.258765e+00 9.195056e-01
1.264972e+00 9.168104e-01
1.270755e+00 9.131698e-01
1.292793e+00 8.992966e-01
1.314274e+00 8.870479e-01
1.334575e+00 8.743576e-01
1.353080e+00 8.610793e-01
1.370014e+00 8.473029e-01
1.385468e+00 8.333495e-01
1.399732e+00 8.193265e-01
1.412950e+00 8.053821e-01
1.425282e+00 7.915806e-01
1.436901e+00 7.779073e-01
1.447885e+00 7.644091e-01
1.458347e+00 7.510572e-01
1.468297e+00 7.379272e-01
1.477848e+00 7.249468e-01
1.487067e+00 7.120829e-01
1.495971e+00 6.993556e-01
1.504557e+00 6.868092e-01
1.512955e+00 6.742915e-01
1.521110e+00 6.619069e-01
1.529049e+00 6.496394e-01
1.536865e+00 6.373676e-01
1.544454e+00 6.252684e-01
1.551989e+00 6.130815e-01
1.559328e+00 6.010468e-01
1.566613e+00 5.889442e-01
1.573755e+00 5.769276e-01
1.580843e+00 5.648560e-01
1.587833e+00 5.528095e-01
1.594769e+00 5.407153e-01
1.601645e+00 5.285901e-01
1.608469e+00 5.164174e-01
1.615264e+00 5.041613e-01
1.622012e+00 4.918492e-01
1.628757e+00 4.794049e-01
1.635466e+00 4.668836e-01
1.642190e+00 4.541878e-01
1.648895e+00 4.413731e-01
1.655626e+00 4.283527e-01
1.662367e+00 4.151417e-01
1.669135e+00 4.017021e-01
1.675952e+00 3.879718e-01
1.682799e+00 3.739786e-01
1.689729e+00 3.595855e-01
1.696748e+00 3.447644e-01
1.703787e+00 3.296166e-01
1.711055e+00 3.136692e-01
1.718297e+00 2.974085e-01
1.725819e+00 2.801014e-01
1.733516e+00 2.618836e-01
1.741369e+00 2.426710e-01
1.749544e+00 2.218905e-01
1.758019e+00 1.993019e-01
1.767047e+00 1.737892e-01
1.776890e+00 1.436134e-01
1.787323e+00 1.058873e-01
1.799483e+00 4.427729e-02
1.155518e+00 9.846059e-01
1.164577e+00 9.869440e-01
1.174102e+00 9.890387e-01
1.184164e+00 9.908054e-01
1.194799e+00 9.921280e-01
1.205939e+00 9.928603e-01
1.217516e+00 9.928518e-01
1.229390e+00 9.919661e-01
1.241347e+00 9.901200e-01
1.253145e+00 9.873109e-01
1.263233e+00 9.841304e-01
1.272864e+00 9.802479e-01
1.281736e+00 9.755823e-01
1.289273e+00 9.699889e-01
1.295330e+00 9.627853e-01
1.316724e+00 9.369923e-01
1.338182e+00 9.175319e-01
1.358035e+00 8.999143e-01
1.375759e+00 8.828535e-01
1.391578e+00 8.661032e-01
1.405861e+00 8.496914e-01
1.418827e+00 8.337844e-01
1.430854e+00 8.182373e-01
1.442080e+00 8.030847e-01
1.452612e+00 7.883472e-01
1.462638e+00 7.738810e-01
1.472191e+00 7.597264e-01
1.481339e+00 7.458505e-01
1.490117e+00 7.322564e-01
1.498645e+00 7.188037e-01
1.506872e+00 7.056041e-01
1.514878e+00 6.925618e-01
1.522692e+00 6.796498e-01
1.530288e+00 6.669317e-01
1.537772e+00 6.542486e-01
1.545066e+00 6.417413e-01
1.552270e+00 6.292531e-01
1.559333e+00 6.168796e-01
1.566310e+00 6.045350e-01
1.573189e+00 5.922447e-01
1.579992e+00 5.799778e-01
1.586725e+00 5.677222e-01
1.593397e+00 5.554698e-01
1.600019e+00 5.431999e-01
1.606597e+00 5.309007e-01
1.613138e+00 5.185648e-01
1.619658e+00 5.061568e-01
1.626146e+00 4.936962e-01
1.632637e+00 4.811151e-01
1.639105e+00 4.684614e-01
1.645595e+00 4.556391e-01
1.652074e+00 4.427077e-01
1.658590e+00 4.295685e-01
1.665119e+00 4.162529e-01
1.671683e+00 4.027119e-01
1.678308e+00 3.888739e-01
1.684959e+00 3.747978e-01
1.691717e+00 3.602896e-01
1.698535e+00 3.454259e-01
1.705430e+00 3.301356e-01
1.712500e+00 3.141685e-01
1.719600e+00 2.977916e-01
1.726943e+00 2.804569e-01
1.734499e+00 2.621386e-01
1.742179e+00 2.429205e-01
1.750220e+00 2.220523e-01
1.758564e+00 1.993801e-01
1.767432e+00 1.738703e-01
1.777143e+00 1.436367e-01
1.787453e+00 1.058775e-01
1.799498e+00 4.426654e-02
1.285417e+00 1.107530e+00
1.306246e+00 1.061397e+00
1.315185e+00 1.041598e+00
1.321988e+00 1.026530e+00
1.327380e+00 1.014588e+00
1.332319e+00 1.003649e+00
1.348374e+00 9.680895e-01
1.365134e+00 9.409699e-01
1.381497e+00 9.182556e-01
1.396642e+00 8.977953e-01
1.410361e+00 8.787236e-01
1.422850e+00 8.606517e-01
1.434390e+00 8.433333e-01
1.445152e+00 8.266910e-01
1.455232e+00 8.107094e-01
1.464797e+00 7.952257e-01
1.473959e+00 7.801268e-01
1.482729e+00 7.654440e-01
1.491162e+00 7.511289e-01
1.499344e+00 7.370659e-01
1.507269e+00 7.232897e-01
1.514970e+00 7.097610e-01
1.522506e+00 6.963949e-01
1.529836e+00 6.832746e-01
1.537064e+00 6.702283e-01
1.544103e+00 6.574190e-01
1.551088e+00 6.446116e-01
1.557908e+00 6.320114e-01
1.564689e+00 6.193946e-01
1.571334e+00 6.069417e-01
1.577958e+00 5.944455e-01
1.584465e+00 5.820826e-01
1.590970e+00 5.696434e-01
1.597372e+00 5.573150e-01
1.603793e+00 5.448705e-01
1.610120e+00 5.325196e-01
1.616485e+00 5.200095e-01
1.622776e+00 5.075549e-01
1.629105e+00 4.949365e-01
1.635387e+00 4.823135e-01
1.641706e+00 4.695163e-01
1.648003e+00 4.566557e-01
1.654346e+00 4.435936e-01
1.660683e+00 4.304200e-01
1.667084e+00 4.169849e-01
1.673483e+00 4.034136e-01
1.679987e+00 3.894662e-01
1.686480e+00 3.753716e-01
1.693128e+00 3.607555e-01
1.699792e+00 3.458891e-01
1.706589e+00 3.304884e-01
1.713516e+00 3.145181e-01
1.720514e+00 2.980601e-01
1.727731e+00 2.807059e-01
1.735188e+00 2.623170e-01
1.742750e+00 2.430865e-01
1.750693e+00 2.221655e-01
1.758945e+00 1.994349e-01
1.767702e+00 1.739270e-01
1.777320e+00 1.436530e-01
1.787543e+00 1.058706e-01
1.799509e+00 4.425904e-02
