1.073477e+00 9.852553e-01
1.085336e+00 9.928523e-01
1.098116e+00 1.000939e+00
1.111738e+00 1.009408e+00
1.126823e+00 1.018541e+00
1.143683e+00 1.028367e+00
1.162927e+00 1.038996e+00
1.186258e+00 1.051071e+00
1.216052e+00 1.066097e+00
1.285417e+00 1.107530e+00
1.266996e+00 1.138027e+00
1.256347e+00 1.151828e+00
1.248963e+00 1.161493e+00
1.242546e+00 1.170358e+00
1.237260e+00 1.178103e+00
1.232723e+00 1.185057e+00
1.228556e+00 1.191654e+00
1.224666e+00 1.197964e+00
1.221137e+00 1.203813e+00
1.070216e+00 9.894634e-01
1.081868e+00 9.974291e-01
1.094206e+00 1.005837e+00
1.107513e+00 1.014854e+00
1.122210e+00 1.024725e+00
1.138246e+00 1.035375e+00
1.156711e+00 1.047436e+00
1.178399e+00 1.061291e+00
1.206766e+00 1.078889e+00
1.255288e+00 1.113456e+00
1.253690e+00 1.133925e+00
1.245887e+00 1.148053e+00
1.240260e+00 1.158240e+00
1.235249e+00 1.167361e+00
1.230692e+00 1.175664e+00
1.226868e+00 1.182659e+00
1.223207e+00 1.189383e+00
1.219675e+00 1.195892e+00
1.216414e+00 1.201927e+00
1.068685e+00 9.913732e-01
1.080237e+00 9.995075e-01
1.092368e+00 1.008057e+00
1.105515e+00 1.017316e+00
1.119912e+00 1.027447e+00
1.135623e+00 1.038509e+00
1.153580e+00 1.051223e+00
1.174142e+00 1.066100e+00
1.199199e+00 1.086070e+00
1.225971e+00 1.122508e+00
1.226915e+00 1.133963e+00
1.226317e+00 1.145122e+00
1.224346e+00 1.155037e+00
1.221798e+00 1.163848e+00
1.218924e+00 1.172163e+00
1.216124e+00 1.179456e+00
1.213407e+00 1.186133e+00
1.210662e+00 1.192611e+00
1.207918e+00 1.198899e+00
1.065285e+00 9.954848e-01
1.076467e+00 1.003872e+00
1.088283e+00 1.012819e+00
1.101068e+00 1.022599e+00
1.114734e+00 1.033213e+00
1.129722e+00 1.045134e+00
1.146152e+00 1.058812e+00
1.164482e+00 1.075701e+00
1.183055e+00 1.098469e+00
1.196274e+00 1.130316e+00
1.197831e+00 1.138177e+00
1.198918e+00 1.146299e+00
1.199204e+00 1.154117e+00
1.198837e+00 1.161526e+00
1.197972e+00 1.168876e+00
1.196731e+00 1.175995e+00
1.195330e+00 1.182378e+00
1.193757e+00 1.188617e+00
1.192052e+00 1.194708e+00
1.059042e+00 1.002489e+00
1.069569e+00 1.011289e+00
1.080794e+00 1.020879e+00
1.092628e+00 1.031281e+00
1.105205e+00 1.042765e+00
1.118606e+00 1.055735e+00
1.132690e+00 1.070728e+00
1.146850e+00 1.088693e+00
1.159229e+00 1.111135e+00
1.166485e+00 1.137764e+00
1.167961e+00 1.144005e+00
1.169145e+00 1.150313e+00
1.169917e+00 1.156286e+00
1.170383e+00 1.162340e+00
1.170552e+00 1.168442e+00
1.170442e+00 1.174561e+00
1.170101e+00 1.180230e+00
1.169575e+00 1.185837e+00
1.168883e+00 1.191402e+00
1.069164e+00 9.907899e-01
1.077416e+00 1.002796e+00
1.085805e+00 1.015571e+00
1.094453e+00 1.029512e+00
1.103185e+00 1.044668e+00
1.111857e+00 1.061316e+00
1.120176e+00 1.079781e+00
1.127549e+00 1.100186e+00
1.133205e+00 1.122151e+00
1.136648e+00 1.145021e+00
1.137438e+00 1.150269e+00
1.138079e+00 1.155320e+00
1.138611e+00 1.160384e+00
1.139043e+00 1.165486e+00
1.139373e+00 1.170618e+00
1.139599e+00 1.175697e+00
1.139725e+00 1.180611e+00
1.139771e+00 1.185499e+00
1.139740e+00 1.190388e+00
1.062082e+00 9.992154e-01
1.068294e+00 1.012585e+00
1.074552e+00 1.026946e+00
1.080632e+00 1.042009e+00
1.086533e+00 1.058136e+00
1.092082e+00 1.075288e+00
1.097050e+00 1.093345e+00
1.101246e+00 1.112286e+00
1.104490e+00 1.131883e+00
1.106699e+00 1.151792e+00
1.107191e+00 1.156221e+00
1.107631e+00 1.160646e+00
1.108025e+00 1.165093e+00
1.108371e+00 1.169561e+00
1.108668e+00 1.174030e+00
1.108913e+00 1.178411e+00
1.109111e+00 1.182751e+00
1.109270e+00 1.187098e+00
1.109390e+00 1.191453e+00
1.051387e+00 1.010034e+00
1.055370e+00 1.024713e+00
1.059132e+00 1.039726e+00
1.062693e+00 1.055350e+00
1.065979e+00 1.071458e+00
1.068932e+00 1.088044e+00
1.071504e+00 1.105119e+00
1.073653e+00 1.122542e+00
1.075354e+00 1.140180e+00
1.076607e+00 1.157897e+00
1.076893e+00 1.161949e+00
1.077154e+00 1.165945e+00
1.077395e+00 1.169952e+00
1.077614e+00 1.173956e+00
1.077810e+00 1.177929e+00
1.077985e+00 1.181875e+00
1.078142e+00 1.185828e+00
1.078281e+00 1.189785e+00
1.078403e+00 1.193747e+00
1.036268e+00 1.023193e+00
1.037977e+00 1.037987e+00
1.039561e+00 1.053033e+00
1.040996e+00 1.068189e+00
1.042283e+00 1.083578e+00
1.043416e+00 1.099168e+00
1.044392e+00 1.114979e+00
1.045208e+00 1.130982e+00
1.045872e+00 1.147152e+00
1.046390e+00 1.163344e+00
1.046511e+00 1.167131e+00
1.046621e+00 1.170810e+00
1.046725e+00 1.174492e+00
1.046820e+00 1.178172e+00
1.046909e+00 1.181852e+00
1.046992e+00 1.185535e+00
1.047070e+00 1.189219e+00
1.047141e+00 1.192905e+00
1.047207e+00 1.196592e+00
1.016000e+00 1.037296e+00
1.016000e+00 1.051485e+00
1.016000e+00 1.065590e+00
1.016000e+00 1.079741e+00
1.016000e+00 1.093983e+00
1.016000e+00 1.108391e+00
1.016000e+00 1.122921e+00
1.016000e+00 1.137763e+00
1.016000e+00 1.152723e+00
1.016000e+00 1.167324e+00
1.016000e+00 1.171412e+00
1.016000e+00 1.174860e+00
1.016000e+00 1.178341e+00
1.016000e+00 1.181840e+00
1.016000e+00 1.185338e+00
1.016000e+00 1.188837e+00
1.016000e+00 1.192336e+00
1.016000e+00 1.195835e+00
1.016000e+00 1.199340e+00
