ZONE T="ZONE7", I=	55, J=	81, F=POINT
1.823455	-0.027700
1.861414	-0.030078
1.885048	-0.031315
1.903806	-0.032235
1.919644	-0.032977
1.933657	-0.033614
1.946354	-0.034176
1.958039	-0.034684
1.968972	-0.035151
1.979059	-0.035576
1.988651	-0.035977
1.997847	-0.036357
2.006587	-0.036716
2.014918	-0.037056
2.023019	-0.037385
2.030770	-0.037698
2.038315	-0.038002
2.045612	-0.038295
2.052690	-0.038579
2.059615	-0.038856
2.066318	-0.039124
2.072913	-0.039388
2.079314	-0.039644
2.085615	-0.039896
2.091773	-0.040143
2.097813	-0.040386
2.103771	-0.040625
2.109578	-0.040859
2.115364	-0.041092
2.120972	-0.041320
2.126562	-0.041547
2.132044	-0.041770
2.137460	-0.041991
2.142836	-0.042212
2.148089	-0.042429
2.153331	-0.042646
2.158492	-0.042861
2.163601	-0.043075
2.168684	-0.043289
2.173678	-0.043501
2.178661	-0.043713
2.183595	-0.043925
2.188469	-0.044135
2.193334	-0.044347
2.198149	-0.044558
2.202929	-0.044770
2.207696	-0.044982
2.212417	-0.045194
2.217119	-0.045408
2.221806	-0.045623
2.226454	-0.045838
2.231094	-0.046056
2.235718	-0.046275
2.240313	-0.046495
2.244905	-0.046718
1.813490	-0.047968
1.853457	-0.059725
1.877810	-0.065316
1.896751	-0.069294
1.912915	-0.072484
1.927093	-0.075154
1.939735	-0.077450
1.951330	-0.079494
1.962138	-0.081351
1.972331	-0.083066
1.981973	-0.084657
1.991058	-0.086133
1.999783	-0.087530
2.008179	-0.088857
2.016185	-0.090108
2.023984	-0.091315
2.031476	-0.092463
2.038763	-0.093571
2.045845	-0.094640
2.052712	-0.095670
2.059442	-0.096673
2.065972	-0.097642
2.072388	-0.098589
2.078645	-0.099509
2.084764	-0.100406
2.090764	-0.101283
2.096616	-0.102136
2.102438	-0.102982
2.108070	-0.103800
2.113688	-0.104614
2.119179	-0.105409
2.124613	-0.106195
2.129989	-0.106972
2.135247	-0.107733
2.140490	-0.108491
2.145638	-0.109236
2.150739	-0.109975
2.155809	-0.110711
2.160777	-0.111432
2.165738	-0.112154
2.170640	-0.112869
2.175483	-0.113577
2.180312	-0.114284
2.185084	-0.114985
2.189820	-0.115682
2.194538	-0.116380
2.199203	-0.117071
2.203848	-0.117762
2.208473	-0.118453
2.213052	-0.119139
2.217620	-0.119827
2.222169	-0.120515
2.226681	-0.121200
2.231186	-0.121887
2.235676	-0.122574
1.796849	-0.060740
1.839280	-0.086855
1.864473	-0.097971
1.883368	-0.105472
1.899468	-0.111414
1.913678	-0.116375
1.926529	-0.120668
1.938305	-0.124461
1.949084	-0.127830
1.959230	-0.130920
1.968856	-0.133785
1.977907	-0.136425
1.986610	-0.138919
1.994992	-0.141282
2.002984	-0.143502
2.010773	-0.145637
2.018250	-0.147662
2.025522	-0.149610
2.032527	-0.151467
2.039307	-0.153248
2.045947	-0.154977
2.052401	-0.156645
2.058732	-0.158269
2.064922	-0.159847
2.070974	-0.161380
2.076949	-0.162885
2.082752	-0.164339
2.088537	-0.165782
2.094129	-0.167170
2.099701	-0.168547
2.105159	-0.169891
2.110537	-0.171211
2.115884	-0.172519
2.121084	-0.173788
2.126268	-0.175050
2.131341	-0.176282
2.136342	-0.177494
2.141320	-0.178698
2.146207	-0.179879
2.151065	-0.181052
2.155891	-0.182216
2.160629	-0.183358
2.165362	-0.184498
2.170049	-0.185628
2.174672	-0.186741
2.179291	-0.187855
2.183863	-0.188958
2.188388	-0.190050
2.192909	-0.191142
2.197387	-0.192225
2.201828	-0.193300
2.206265	-0.194376
2.210666	-0.195446
2.215037	-0.196510
2.219405	-0.197576
1.781708	-0.061521
1.819293	-0.107743
1.844374	-0.126285
1.863380	-0.138517
1.879641	-0.148042
1.893697	-0.155729
1.906418	-0.162320
1.918205	-0.168157
1.929198	-0.173395
1.939299	-0.178056
1.948797	-0.182316
1.957932	-0.186312
1.966622	-0.190026
1.974932	-0.193507
1.983019	-0.196830
1.990728	-0.199943
1.998158	-0.202897
2.005318	-0.205703
2.012290	-0.208399
2.019088	-0.210994
2.025702	-0.213490
2.032175	-0.215905
2.038497	-0.218239
2.044679	-0.220498
2.050762	-0.222701
2.056680	-0.224826
2.062510	-0.226901
2.068128	-0.228886
2.073739	-0.230853
2.079209	-0.232757
2.084620	-0.234628
2.089974	-0.236468
2.095196	-0.238252
2.100406	-0.240021
2.105513	-0.241745
2.110565	-0.243441
2.115590	-0.245120
2.120498	-0.246752
2.125398	-0.248374
2.130235	-0.249968
2.134969	-0.251521
2.139691	-0.253064
2.144351	-0.254582
2.148959	-0.256077
2.153558	-0.257564
2.158098	-0.259028
2.162600	-0.260475
2.167091	-0.261915
2.171530	-0.263334
2.175937	-0.264740
2.180336	-0.266140
2.184690	-0.267522
2.189014	-0.268892
2.193334	-0.270259
2.197615	-0.271612
1.775867	-0.058860
1.798818	-0.118082
1.820182	-0.146254
1.838152	-0.164587
1.853792	-0.178620
1.867525	-0.189861
1.880285	-0.199570
1.891741	-0.207797
1.902512	-0.215163
1.912683	-0.221830
1.922214	-0.227852
1.931273	-0.233394
1.939919	-0.238532
1.948221	-0.243337
1.956326	-0.247913
1.963978	-0.252140
1.971402	-0.256158
1.978575	-0.259967
1.985577	-0.263620
1.992404	-0.267123
1.999059	-0.270483
2.005572	-0.273724
2.011884	-0.276820
2.018022	-0.279792
2.024072	-0.282683
2.029963	-0.285465
2.035835	-0.288206
2.041495	-0.290819
2.047156	-0.293404
2.052668	-0.295895
2.058126	-0.298337
2.063509	-0.300723
2.068726	-0.303013
2.073938	-0.305281
2.079040	-0.307482
2.084096	-0.309645
2.089131	-0.311781
2.094039	-0.313847
2.098949	-0.315898
2.103800	-0.317908
2.108574	-0.319871
2.113344	-0.321819
2.118049	-0.323726
2.122694	-0.325596
2.127312	-0.327442
2.131867	-0.329251
2.136390	-0.331035
2.140903	-0.332804
2.145361	-0.334540
2.149793	-0.336255
2.154217	-0.337957
2.158592	-0.339629
2.162945	-0.341283
2.167292	-0.342925
2.171597	-0.344542
1.773675	-0.057848
1.783341	-0.120478
1.797332	-0.155703
1.811926	-0.180510
1.825588	-0.199790
1.838053	-0.215250
1.849878	-0.228517
1.860779	-0.239819
1.871215	-0.249942
1.880915	-0.258845
1.890314	-0.267059
1.899319	-0.274596
1.907763	-0.281401
1.916048	-0.287852
1.923926	-0.293799
1.931685	-0.299487
1.939055	-0.304750
1.946221	-0.309745
1.953247	-0.314531
1.960069	-0.319079
1.966797	-0.323474
1.973254	-0.327613
1.979592	-0.331602
1.985782	-0.335433
1.991873	-0.339142
1.997872	-0.342737
2.003739	-0.346201
2.009577	-0.349597
2.015175	-0.352810
2.020773	-0.355979
2.026219	-0.359024
2.031631	-0.362012
2.036992	-0.364935
2.042233	-0.367760
2.047477	-0.370554
2.052607	-0.373256
2.057687	-0.375903
2.062722	-0.378499
2.067635	-0.381005
2.072559	-0.383491
2.077426	-0.385924
2.082225	-0.388300
2.087027	-0.390653
2.091761	-0.392951
2.096458	-0.395209
2.101151	-0.397444
2.105773	-0.399625
2.110362	-0.401771
2.114938	-0.403890
2.119453	-0.405963
2.123960	-0.408014
2.128459	-0.410042
2.132906	-0.412029
2.137349	-0.413997
2.141784	-0.415944
1.772683	-0.057388
1.774126	-0.119031
1.780628	-0.157480
1.789714	-0.186552
1.799481	-0.210263
1.809429	-0.230209
1.819150	-0.247105
1.828569	-0.261755
1.837992	-0.275103
1.846839	-0.286715
1.855570	-0.297434
1.863996	-0.307199
1.872107	-0.316132
1.880113	-0.324551
1.887774	-0.332283
1.895189	-0.339494
1.902584	-0.346439
1.909630	-0.352850
1.916570	-0.358982
1.923284	-0.364755
1.929978	-0.370363
1.936448	-0.375654
1.942800	-0.380731
1.948972	-0.385560
1.955134	-0.390283
1.961117	-0.394780
1.967091	-0.399186
1.972856	-0.403363
1.978557	-0.407425
1.984197	-0.411378
1.989730	-0.415194
1.995279	-0.418962
2.000654	-0.422559
2.006023	-0.426100
2.011283	-0.429521
2.016469	-0.432849
2.021667	-0.436141
2.026738	-0.439311
2.031808	-0.442441
2.036846	-0.445514
2.041794	-0.448494
2.046736	-0.451437
2.051599	-0.454299
2.056421	-0.457104
2.061248	-0.459881
2.066000	-0.462586
2.070741	-0.465254
2.075480	-0.467893
2.080143	-0.470462
2.084813	-0.473008
2.089470	-0.475520
2.094046	-0.477963
2.098639	-0.480390
2.103217	-0.482785
2.107745	-0.485130
1.772064	-0.057100
1.769083	-0.117998
1.770269	-0.156768
1.774110	-0.187360
1.779311	-0.213449
1.785381	-0.236098
1.792002	-0.256055
1.799036	-0.274000
1.806137	-0.289878
1.813448	-0.304517
1.820763	-0.317848
1.828036	-0.330079
1.835296	-0.341450
1.842461	-0.351991
1.849520	-0.361809
1.856475	-0.371005
1.863386	-0.379731
1.870055	-0.387808
1.876787	-0.395647
1.883282	-0.402946
1.889730	-0.409955
1.896012	-0.416574
1.902326	-0.423033
1.908409	-0.429089
1.914472	-0.434972
1.920398	-0.440582
1.926314	-0.446053
1.932123	-0.451307
1.937805	-0.456339
1.943466	-0.461254
1.949016	-0.465979
1.954587	-0.470633
1.960022	-0.475093
1.965398	-0.479431
1.970731	-0.483662
1.975981	-0.487761
1.981253	-0.491813
1.986410	-0.495718
1.991561	-0.499561
1.996663	-0.503313
2.001666	-0.506942
2.006691	-0.510537
2.011655	-0.514043
2.016582	-0.517476
2.021525	-0.520877
2.026380	-0.524177
2.031221	-0.527427
2.036058	-0.530635
2.040813	-0.533752
2.045591	-0.536848
2.050349	-0.539895
2.055058	-0.542877
2.059787	-0.545837
2.064484	-0.548746
2.069150	-0.551603
1.771874	-0.057012
1.766090	-0.116651
1.763872	-0.155215
1.763887	-0.186206
1.765236	-0.213065
1.767620	-0.236996
1.770826	-0.258627
1.774676	-0.278329
1.779063	-0.296483
1.783867	-0.313260
1.788999	-0.328844
1.794410	-0.343421
1.799986	-0.356978
1.805737	-0.369752
1.811592	-0.381762
1.817479	-0.393008
1.823496	-0.403783
1.829400	-0.413764
1.835481	-0.423503
1.841364	-0.432484
1.847335	-0.441196
1.853276	-0.449508
1.859123	-0.457382
1.864968	-0.464972
1.870771	-0.472255
1.876553	-0.479283
1.882193	-0.485938
1.887889	-0.492470
1.893492	-0.498725
1.899039	-0.504760
1.904546	-0.510610
1.909983	-0.516252
1.915451	-0.521800
1.920793	-0.527107
1.926114	-0.532288
1.931398	-0.537332
1.936623	-0.542227
1.941881	-0.547063
1.947011	-0.551700
1.952134	-0.556253
1.957235	-0.560714
1.962271	-0.565047
1.967333	-0.569336
1.972325	-0.573503
1.977284	-0.577583
1.982260	-0.581619
1.987134	-0.585519
1.992034	-0.589387
1.996924	-0.593195
2.001753	-0.596910
2.006605	-0.600596
2.011410	-0.604201
2.016189	-0.607746
2.020987	-0.611265
2.025737	-0.614708
1.771729	-0.056945
1.764179	-0.115784
1.759726	-0.154120
1.757102	-0.184934
1.755637	-0.211716
1.755099	-0.235789
1.755347	-0.257930
1.756289	-0.278579
1.757826	-0.297729
1.759878	-0.315587
1.762429	-0.332634
1.765434	-0.348920
1.768780	-0.364212
1.772469	-0.378803
1.776412	-0.392578
1.780654	-0.405863
1.785083	-0.418456
1.789675	-0.430440
1.794452	-0.441964
1.799347	-0.452968
1.804297	-0.463402
1.809444	-0.473623
1.814509	-0.483151
1.819709	-0.492447
1.824968	-0.501417
1.830165	-0.509904
1.835475	-0.518225
1.840743	-0.526168
1.846005	-0.533823
1.851297	-0.541260
1.856563	-0.548426
1.861844	-0.555397
1.867055	-0.562080
1.872298	-0.568619
1.877545	-0.574992
1.882698	-0.581098
1.887898	-0.587112
1.893033	-0.592915
1.898175	-0.598600
1.903302	-0.604148
1.908358	-0.609510
1.913445	-0.614799
1.918494	-0.619949
1.923513	-0.624977
1.928552	-0.629934
1.933503	-0.634724
1.938475	-0.639455
1.943448	-0.644109
1.948363	-0.648638
1.953299	-0.653118
1.958200	-0.657501
1.963078	-0.661801
1.967985	-0.666066
1.972832	-0.670224
1.977687	-0.674335
1.771620	-0.056894
1.762857	-0.115181
1.756833	-0.153347
1.752436	-0.183400
1.748990	-0.209877
1.746322	-0.233891
1.744324	-0.256091
1.742924	-0.276858
1.742076	-0.296236
1.741727	-0.314617
1.741844	-0.332319
1.742403	-0.349362
1.743368	-0.365532
1.744725	-0.381174
1.746449	-0.396253
1.748503	-0.410719
1.750912	-0.424884
1.753583	-0.438379
1.756581	-0.451636
1.759754	-0.464136
1.763211	-0.476409
1.766853	-0.488188
1.770731	-0.499702
1.774695	-0.510605
1.778873	-0.521305
1.783186	-0.531653
1.787562	-0.541536
1.792095	-0.551213
1.796707	-0.560554
1.801355	-0.569520
1.806112	-0.578282
1.810914	-0.586754
1.815737	-0.594925
1.820646	-0.602926
1.825545	-0.610626
1.830474	-0.618112
1.835473	-0.625458
1.840418	-0.632502
1.845407	-0.639401
1.850434	-0.646156
1.855412	-0.652667
1.860434	-0.659068
1.865439	-0.665288
1.870438	-0.671355
1.875477	-0.677328
1.880456	-0.683103
1.885462	-0.688785
1.890477	-0.694358
1.895450	-0.699777
1.900462	-0.705132
1.905443	-0.710356
1.910416	-0.715475
1.915423	-0.720537
1.920370	-0.725452
1.925355	-0.730321
1.771538	-0.056855
1.761900	-0.114743
1.754797	-0.152485
1.749128	-0.182218
1.744245	-0.208541
1.740082	-0.232123
1.736476	-0.253969
1.733354	-0.274516
1.730701	-0.293845
1.728469	-0.312241
1.726621	-0.329991
1.725147	-0.347100
1.724044	-0.363529
1.723282	-0.379643
1.722865	-0.395241
1.722781	-0.410386
1.723026	-0.425314
1.723583	-0.439653
1.724459	-0.453820
1.725633	-0.467568
1.727107	-0.481056
1.728868	-0.494232
1.730895	-0.507043
1.733178	-0.519514
1.735710	-0.531692
1.738488	-0.543605
1.741501	-0.555265
1.744704	-0.566556
1.748100	-0.577551
1.751671	-0.588244
1.755455	-0.598777
1.759329	-0.608869
1.763361	-0.618733
1.767548	-0.628399
1.771821	-0.637739
1.776194	-0.646822
1.780685	-0.655709
1.785240	-0.664324
1.789862	-0.672697
1.794580	-0.680904
1.799323	-0.688843
1.804123	-0.696586
1.809001	-0.704186
1.813871	-0.711525
1.818801	-0.718719
1.823781	-0.725770
1.828741	-0.732591
1.833769	-0.739311
1.838794	-0.745851
1.843831	-0.752237
1.848928	-0.758540
1.853990	-0.764649
1.859086	-0.770657
1.864205	-0.776558
1.869315	-0.782320
1.771474	-0.056826
1.761189	-0.114417
1.753310	-0.151793
1.746693	-0.181341
1.740822	-0.207240
1.735576	-0.230530
1.730758	-0.252288
1.726435	-0.272344
1.722499	-0.291290
1.718858	-0.309604
1.715515	-0.327314
1.712531	-0.344113
1.709820	-0.360502
1.707361	-0.376643
1.705201	-0.392242
1.703301	-0.407601
1.701676	-0.422617
1.700333	-0.437227
1.699245	-0.451772
1.698439	-0.465931
1.697899	-0.479985
1.697635	-0.493788
1.697647	-0.507399
1.697935	-0.520841
1.698499	-0.534041
1.699344	-0.547115
1.700459	-0.559927
1.701855	-0.572623
1.703513	-0.585043
1.705431	-0.597244
1.707598	-0.609192
1.710026	-0.620980
1.712694	-0.632547
1.715606	-0.643928
1.718717	-0.655006
1.722029	-0.665824
1.725557	-0.676470
1.729280	-0.686900
1.733141	-0.697006
1.737167	-0.706895
1.741366	-0.716605
1.745678	-0.726035
1.750106	-0.735219
1.754677	-0.744240
1.759323	-0.752990
1.764064	-0.761529
1.768918	-0.769910
1.773807	-0.778020
1.778791	-0.785978
1.783852	-0.793769
1.788916	-0.801300
1.794093	-0.808747
1.799285	-0.815979
1.804504	-0.823032
1.809814	-0.829998
1.771425	-0.056803
1.760651	-0.114170
1.752192	-0.151269
1.744860	-0.180676
1.738293	-0.206152
1.732213	-0.229326
1.726590	-0.250623
1.721380	-0.270393
1.716443	-0.289274
1.711830	-0.307168
1.707423	-0.324571
1.703290	-0.341254
1.699401	-0.357396
1.695695	-0.373268
1.692229	-0.388655
1.688935	-0.403892
1.685887	-0.418664
1.683029	-0.433274
1.680353	-0.447796
1.677904	-0.462029
1.675645	-0.476215
1.673632	-0.490051
1.671817	-0.503902
1.670234	-0.517584
1.668876	-0.531210
1.667757	-0.544739
1.666884	-0.558160
1.666264	-0.571525
1.665906	-0.584748
1.665816	-0.597930
1.666001	-0.610954
1.666469	-0.623929
1.667220	-0.636741
1.668264	-0.649484
1.669598	-0.662062
1.671230	-0.674545
1.673153	-0.686863
1.675373	-0.699059
1.677868	-0.711030
1.680630	-0.722777
1.683665	-0.734350
1.686967	-0.745750
1.690521	-0.756949
1.694275	-0.767830
1.698260	-0.778525
1.702476	-0.789047
1.706831	-0.799219
1.711387	-0.809212
1.716124	-0.819011
1.720954	-0.828472
1.725955	-0.837772
1.731074	-0.846839
1.736280	-0.855644
1.741629	-0.864304
1.747014	-0.872668
1.771387	-0.056785
1.760241	-0.113981
1.751344	-0.150869
1.743469	-0.180170
1.736386	-0.205327
1.729679	-0.228391
1.723493	-0.249258
1.717590	-0.268911
1.712022	-0.287341
1.706625	-0.305164
1.701447	-0.322277
1.696551	-0.338546
1.691743	-0.354639
1.687156	-0.370148
1.682749	-0.385252
1.678426	-0.400298
1.674331	-0.414815
1.670351	-0.429226
1.666517	-0.443444
1.662816	-0.457545
1.659283	-0.471425
1.655903	-0.485169
1.652634	-0.498978
1.649550	-0.512579
1.646619	-0.526150
1.643871	-0.539587
1.641271	-0.553119
1.638861	-0.566583
1.636634	-0.580086
1.634626	-0.593473
1.632827	-0.606890
1.631252	-0.620333
1.629919	-0.633779
1.628839	-0.647264
1.628031	-0.660730
1.627510	-0.674230
1.627292	-0.687695
1.627392	-0.701169
1.627825	-0.714594
1.628604	-0.727990
1.629740	-0.741322
1.631242	-0.754583
1.633117	-0.767752
1.635368	-0.780813
1.637985	-0.793693
1.640952	-0.806349
1.644277	-0.818832
1.647954	-0.831139
1.651942	-0.843176
1.656213	-0.854907
1.660792	-0.866442
1.665607	-0.877653
1.670659	-0.888586
1.675933	-0.899255
1.681381	-0.909611
1.771357	-0.056771
1.759924	-0.113835
1.750687	-0.150568
1.742431	-0.179677
1.734928	-0.204692
1.727812	-0.227478
1.721147	-0.248217
1.714782	-0.267601
1.708696	-0.285863
1.702717	-0.303585
1.697052	-0.320241
1.691504	-0.336465
1.686096	-0.352238
1.680875	-0.367448
1.675729	-0.382455
1.670737	-0.397060
1.665859	-0.411397
1.661046	-0.425633
1.656411	-0.439451
1.651795	-0.453347
1.647334	-0.466930
1.642952	-0.480454
1.638647	-0.493940
1.634456	-0.507295
1.630363	-0.520595
1.626360	-0.533887
1.622443	-0.547214
1.618676	-0.560391
1.614985	-0.573707
1.611418	-0.587024
1.607976	-0.600390
1.604692	-0.613716
1.601528	-0.627218
1.598526	-0.640788
1.595698	-0.654447
1.593073	-0.668148
1.590651	-0.681998
1.588457	-0.695990
1.586519	-0.710120
1.584864	-0.724393
1.583526	-0.738786
1.582537	-0.753261
1.581929	-0.767866
1.581737	-0.782580
1.581995	-0.797365
1.582740	-0.812231
1.583994	-0.827072
1.585780	-0.841854
1.588107	-0.856535
1.590983	-0.871079
1.594416	-0.885489
1.598349	-0.899572
1.602778	-0.913371
1.607655	-0.926816
1.612961	-0.939930
1.771334	-0.056760
1.759684	-0.113724
1.750190	-0.150346
1.741664	-0.179276
1.733838	-0.204216
1.726420	-0.226794
1.719404	-0.247424
1.712724	-0.266548
1.706228	-0.284756
1.699895	-0.302201
1.693811	-0.318722
1.687842	-0.334745
1.681989	-0.350315
1.676278	-0.365388
1.670686	-0.380070
1.665153	-0.394527
1.659751	-0.408604
1.654385	-0.422564
1.649119	-0.436255
1.643905	-0.449820
1.638784	-0.463161
1.633687	-0.476480
1.628698	-0.489566
1.623684	-0.502781
1.618811	-0.515701
1.613931	-0.528736
1.609112	-0.541719
1.604360	-0.554647
1.599639	-0.567635
1.594969	-0.580654
1.590372	-0.593656
1.585803	-0.606798
1.581306	-0.619978
1.576885	-0.633218
1.572507	-0.646653
1.568226	-0.660161
1.564035	-0.673812
1.559935	-0.687670
1.555945	-0.701737
1.552113	-0.715937
1.548424	-0.730430
1.544912	-0.745225
1.541636	-0.760242
1.538627	-0.775539
1.535923	-0.791215
1.533594	-0.807243
1.531713	-0.823612
1.530363	-0.840351
1.529636	-0.857350
1.529624	-0.874610
1.530426	-0.892153
1.532109	-0.909718
1.534715	-0.927191
1.538284	-0.944559
1.542788	-0.961641
1.771317	-0.056752
1.759511	-0.113645
1.749833	-0.150187
1.741116	-0.178987
1.733058	-0.203875
1.725428	-0.226305
1.718164	-0.246845
1.711260	-0.265795
1.704471	-0.283963
1.697891	-0.301212
1.691510	-0.317634
1.685279	-0.333436
1.679084	-0.348935
1.673103	-0.363734
1.667130	-0.378364
1.661277	-0.392577
1.655501	-0.406504
1.649733	-0.420314
1.644107	-0.433718
1.638441	-0.447151
1.632899	-0.460241
1.627330	-0.473356
1.621833	-0.486270
1.616345	-0.499144
1.610884	-0.511935
1.605448	-0.524671
1.600043	-0.537336
1.594609	-0.550082
1.589245	-0.562688
1.583807	-0.575497
1.578467	-0.588121
1.573059	-0.600956
1.567690	-0.613765
1.562306	-0.626691
1.556901	-0.639756
1.551532	-0.652849
1.546131	-0.666152
1.540738	-0.679593
1.535349	-0.693209
1.529936	-0.707105
1.524572	-0.721140
1.519188	-0.735546
1.513856	-0.750198
1.508556	-0.765233
1.503304	-0.780720
1.498184	-0.796552
1.493168	-0.813019
1.488367	-0.830018
1.483857	-0.847654
1.479725	-0.866156
1.476171	-0.885450
1.473421	-0.905555
1.471750	-0.926571
1.471510	-0.948432
1.473053	-0.970864
1.771307	-0.056747
1.759404	-0.113595
1.749611	-0.150089
1.740777	-0.178807
1.732575	-0.203662
1.724813	-0.226001
1.717397	-0.246485
1.710356	-0.265329
1.703387	-0.283470
1.696656	-0.300599
1.690101	-0.316938
1.683703	-0.332626
1.677302	-0.348070
1.671157	-0.362705
1.664949	-0.377303
1.658931	-0.391305
1.652898	-0.405203
1.646951	-0.418781
1.641049	-0.432147
1.635151	-0.445404
1.629344	-0.458373
1.623476	-0.471393
1.617732	-0.484071
1.611912	-0.496849
1.606170	-0.509401
1.600380	-0.522003
1.594616	-0.534504
1.588837	-0.546997
1.583032	-0.559506
1.577241	-0.571955
1.571398	-0.584488
1.565555	-0.597000
1.559665	-0.609593
1.553739	-0.622252
1.547782	-0.634972
1.541752	-0.647844
1.535703	-0.660765
1.529551	-0.673917
1.523383	-0.687128
1.517091	-0.700633
1.510772	-0.714246
1.504317	-0.728208
1.497818	-0.742350
1.491172	-0.756913
1.484471	-0.771735
1.477600	-0.787108
1.470680	-0.802829
1.463585	-0.819263
1.456428	-0.836271
1.449162	-0.854139
1.441875	-0.872917
1.434595	-0.892979
1.427530	-0.914509
1.421002	-0.937916
1.415657	-0.963692
1.771302	-0.056745
1.759355	-0.113573
1.749511	-0.150045
1.740623	-0.178726
1.732356	-0.203566
1.724535	-0.225863
1.717055	-0.246311
1.709948	-0.265117
1.702913	-0.283210
1.696102	-0.300315
1.689472	-0.316615
1.682995	-0.332261
1.676518	-0.347642
1.670284	-0.362241
1.663973	-0.376821
1.657881	-0.390733
1.651732	-0.404616
1.645708	-0.418088
1.639681	-0.431439
1.633699	-0.444579
1.627757	-0.457531
1.621797	-0.470423
1.615906	-0.483081
1.609948	-0.495797
1.604080	-0.508247
1.598130	-0.520797
1.592236	-0.533167
1.586278	-0.545605
1.580329	-0.557965
1.574340	-0.570353
1.568315	-0.582759
1.562269	-0.595161
1.556147	-0.607665
1.550016	-0.620146
1.543774	-0.632803
1.537526	-0.645432
1.531149	-0.658281
1.524740	-0.671156
1.518191	-0.684276
1.511586	-0.697474
1.504819	-0.710964
1.497978	-0.724575
1.490943	-0.738548
1.483807	-0.752705
1.476443	-0.767302
1.468931	-0.782190
1.461184	-0.797558
1.453174	-0.813474
1.444927	-0.829924
1.436334	-0.847161
1.427404	-0.865241
1.418094	-0.884365
1.408338	-0.904871
1.398125	-0.927175
1.387559	-0.951875
1.771300	-0.056744
1.759329	-0.113561
1.749456	-0.150021
1.740540	-0.178682
1.732238	-0.203514
1.724386	-0.225789
1.716872	-0.246214
1.709729	-0.265004
1.702658	-0.283070
1.695807	-0.300157
1.689141	-0.316426
1.682615	-0.332065
1.676099	-0.347413
1.669818	-0.361992
1.663458	-0.376545
1.657319	-0.390426
1.651109	-0.404302
1.645044	-0.417717
1.638951	-0.431060
1.632924	-0.444138
1.626909	-0.457080
1.620901	-0.469904
1.614931	-0.482551
1.608920	-0.495192
1.602967	-0.507629
1.596935	-0.520145
1.590969	-0.532451
1.584917	-0.544857
1.578892	-0.557139
1.572797	-0.569494
1.566689	-0.581810
1.560524	-0.594175
1.554307	-0.606578
1.548042	-0.619016
1.541692	-0.631557
1.535291	-0.644138
1.528778	-0.656874
1.522201	-0.669673
1.515489	-0.682670
1.508690	-0.695771
1.501733	-0.709107
1.494653	-0.722611
1.487393	-0.736387
1.479956	-0.750422
1.472318	-0.764762
1.464420	-0.779503
1.456300	-0.794572
1.447835	-0.810187
1.439032	-0.826323
1.429821	-0.843095
1.420100	-0.860674
1.409789	-0.879181
1.398753	-0.898832
1.386774	-0.919994
1.373588	-0.943176
1.771299	-0.056744
1.759322	-0.113557
1.749442	-0.150015
1.740518	-0.178670
1.732206	-0.203500
1.724346	-0.225769
1.716823	-0.246188
1.709670	-0.264974
1.702590	-0.283033
1.695728	-0.300115
1.689052	-0.316375
1.682513	-0.332012
1.675986	-0.347351
1.669692	-0.361925
1.663321	-0.376469
1.657169	-0.390343
1.650942	-0.404218
1.644866	-0.417617
1.638755	-0.430958
1.632716	-0.444019
1.626682	-0.456959
1.620661	-0.469764
1.614670	-0.482408
1.608645	-0.495029
1.602668	-0.507463
1.596619	-0.519962
1.590630	-0.532258
1.584554	-0.544654
1.578508	-0.556917
1.572385	-0.569263
1.566254	-0.581556
1.560057	-0.593910
1.553815	-0.606285
1.547514	-0.618712
1.541136	-0.631222
1.534693	-0.643790
1.528148	-0.656491
1.521523	-0.669274
1.514773	-0.682230
1.507917	-0.695313
1.500915	-0.708600
1.493767	-0.722083
1.486451	-0.735799
1.478931	-0.749808
1.471221	-0.764077
1.463234	-0.778754
1.455005	-0.793765
1.446434	-0.809275
1.437484	-0.825329
1.428105	-0.841991
1.418199	-0.859398
1.407657	-0.877689
1.396279	-0.897129
1.383840	-0.917968
1.369981	-0.940585
1.771298	-0.056743
1.759310	-0.113552
1.749417	-0.150004
1.740479	-0.178650
1.732152	-0.203477
1.724277	-0.225735
1.716739	-0.246143
1.709569	-0.264921
1.702473	-0.282968
1.695592	-0.300042
1.688900	-0.316288
1.682338	-0.331921
1.675793	-0.347244
1.669477	-0.361811
1.663086	-0.376339
1.656910	-0.390202
1.650655	-0.404073
1.644561	-0.417446
1.638419	-0.430783
1.632360	-0.443815
1.626292	-0.456750
1.620249	-0.469525
1.614222	-0.482163
1.608173	-0.494750
1.602157	-0.507177
1.596081	-0.519639
1.590049	-0.531928
1.583931	-0.544307
1.577850	-0.556537
1.571679	-0.568865
1.565509	-0.581118
1.559258	-0.593455
1.552974	-0.605784
1.546611	-0.618191
1.540184	-0.630647
1.533672	-0.643193
1.527070	-0.655832
1.520364	-0.668589
1.513548	-0.681473
1.506597	-0.694526
1.499517	-0.707729
1.492254	-0.721174
1.484843	-0.734790
1.477196	-0.748727
1.469353	-0.762899
1.461234	-0.777435
1.452801	-0.792377
1.444054	-0.807705
1.434885	-0.823567
1.425195	-0.840084
1.414983	-0.857194
1.404062	-0.875111
1.392157	-0.894122
1.379045	-0.914308
1.364217	-0.935945
1.771294	-0.056741
1.759273	-0.113535
1.749340	-0.149970
1.740363	-0.178588
1.731986	-0.203403
1.724066	-0.225631
1.716482	-0.246007
1.709260	-0.264761
1.702115	-0.282772
1.695177	-0.299820
1.688435	-0.316021
1.681805	-0.331645
1.675211	-0.346903
1.668821	-0.361460
1.662367	-0.375941
1.656123	-0.389770
1.649795	-0.403601
1.643631	-0.416924
1.637395	-0.430249
1.631276	-0.443194
1.625107	-0.456116
1.618997	-0.468795
1.612860	-0.481417
1.606739	-0.493900
1.600603	-0.506307
1.594447	-0.518655
1.588283	-0.530920
1.582069	-0.543190
1.575851	-0.555376
1.569554	-0.567619
1.563251	-0.579784
1.556844	-0.592053
1.550425	-0.604255
1.543879	-0.616597
1.537306	-0.628895
1.530583	-0.641368
1.523815	-0.653823
1.516877	-0.666477
1.509856	-0.679165
1.502647	-0.692068
1.495309	-0.705067
1.487765	-0.718287
1.480016	-0.731705
1.472051	-0.745323
1.463774	-0.759272
1.455252	-0.773412
1.446333	-0.787951
1.436996	-0.802863
1.427190	-0.818161
1.416793	-0.833933
1.405697	-0.850205
1.393647	-0.867136
1.380455	-0.884670
1.365770	-0.902769
1.348901	-0.921405
1.771286	-0.056738
1.759185	-0.113494
1.749161	-0.149888
1.740089	-0.178443
1.731595	-0.203232
1.723572	-0.225385
1.715880	-0.245686
1.708538	-0.264386
1.701280	-0.282306
1.694207	-0.299301
1.687348	-0.315397
1.680557	-0.330997
1.673852	-0.346105
1.667289	-0.360639
1.660703	-0.374985
1.654285	-0.388757
1.647810	-0.402455
1.641464	-0.415702
1.635060	-0.428901
1.628755	-0.441741
1.622382	-0.454569
1.616092	-0.467087
1.609714	-0.479642
1.603415	-0.491912
1.597006	-0.504263
1.590666	-0.516356
1.584203	-0.528557
1.577787	-0.540545
1.571238	-0.552654
1.564718	-0.564587
1.558050	-0.576660
1.551393	-0.588585
1.544568	-0.600673
1.537738	-0.612636
1.530714	-0.624789
1.523664	-0.636838
1.516406	-0.649081
1.509066	-0.661292
1.501519	-0.673666
1.493810	-0.686107
1.485900	-0.698659
1.477725	-0.711394
1.469350	-0.724184
1.460637	-0.737196
1.451595	-0.750370
1.442187	-0.763704
1.432342	-0.777227
1.421940	-0.791007
1.410945	-0.804969
1.399254	-0.819094
1.386696	-0.833384
1.373134	-0.847722
1.358255	-0.862064
1.341999	-0.875996
1.323884	-0.889300
1.771271	-0.056731
1.759036	-0.113425
1.748862	-0.149723
1.739619	-0.178192
1.730927	-0.202937
1.722739	-0.224932
1.714872	-0.245087
1.707305	-0.263744
1.699856	-0.281507
1.692551	-0.298415
1.685497	-0.314330
1.678434	-0.329888
1.671544	-0.344742
1.664686	-0.359233
1.657891	-0.373327
1.651168	-0.387025
1.644457	-0.400477
1.637798	-0.413611
1.631139	-0.426549
1.624498	-0.439258
1.617851	-0.451800
1.611200	-0.464170
1.604527	-0.476412
1.597837	-0.488516
1.591106	-0.500530
1.584344	-0.512431
1.577534	-0.524257
1.570656	-0.536031
1.563734	-0.547716
1.556706	-0.559408
1.549634	-0.571000
1.542428	-0.582631
1.535149	-0.594194
1.527725	-0.605794
1.520182	-0.617377
1.512495	-0.628970
1.504619	-0.640619
1.496610	-0.652225
1.488367	-0.663912
1.479911	-0.675623
1.471228	-0.687349
1.462238	-0.699159
1.452956	-0.710994
1.443360	-0.722833
1.433345	-0.734747
1.422903	-0.746675
1.411979	-0.758597
1.400539	-0.770457
1.388471	-0.782255
1.375728	-0.793902
1.362221	-0.805320
1.347864	-0.816397
1.332653	-0.826941
1.316476	-0.836817
1.299488	-0.845741
1.771248	-0.056720
1.758799	-0.113316
1.748389	-0.149462
1.738879	-0.177796
1.729886	-0.202436
1.721434	-0.224210
1.713294	-0.244143
1.705374	-0.262733
1.697632	-0.280252
1.689976	-0.297004
1.682617	-0.312656
1.675181	-0.328042
1.667966	-0.342608
1.660740	-0.356863
1.653573	-0.370692
1.646475	-0.384107
1.639336	-0.397328
1.632304	-0.410107
1.625168	-0.422827
1.618148	-0.435119
1.610991	-0.447423
1.603935	-0.459342
1.596727	-0.471300
1.589595	-0.482928
1.582326	-0.494569
1.575058	-0.506003
1.567695	-0.517378
1.560252	-0.528666
1.552758	-0.539820
1.545103	-0.550995
1.537435	-0.561969
1.529559	-0.573012
1.521636	-0.583885
1.513531	-0.594766
1.505261	-0.605610
1.496868	-0.616352
1.488240	-0.627112
1.479439	-0.637793
1.470429	-0.648417
1.461159	-0.659015
1.451618	-0.669567
1.441839	-0.680006
1.431733	-0.690389
1.421287	-0.700684
1.410465	-0.710877
1.399285	-0.720901
1.387693	-0.730746
1.375651	-0.740382
1.363171	-0.749733
1.350158	-0.758797
1.336677	-0.767453
1.322732	-0.775636
1.308230	-0.783326
1.293308	-0.790390
1.278021	-0.796764
1.771212	-0.056703
1.758439	-0.113150
1.747676	-0.149064
1.737764	-0.177201
1.728377	-0.201569
1.719487	-0.223137
1.710953	-0.242734
1.702545	-0.261145
1.694344	-0.278380
1.686313	-0.294645
1.678385	-0.310169
1.670523	-0.325099
1.662772	-0.339394
1.655054	-0.353249
1.647399	-0.366641
1.639732	-0.379721
1.632128	-0.392390
1.624449	-0.404885
1.616866	-0.416950
1.609159	-0.428940
1.601532	-0.440545
1.593777	-0.452090
1.586049	-0.463345
1.578222	-0.474499
1.570355	-0.485463
1.562433	-0.496262
1.554418	-0.506945
1.546318	-0.517496
1.538124	-0.527923
1.529814	-0.538247
1.521406	-0.548438
1.512889	-0.558504
1.504194	-0.568513
1.495397	-0.578368
1.486440	-0.588124
1.477270	-0.597820
1.467989	-0.607336
1.458497	-0.616760
1.448773	-0.626091
1.438861	-0.635266
1.428738	-0.644290
1.418365	-0.653173
1.407731	-0.661900
1.396833	-0.670447
1.385684	-0.678777
1.374260	-0.686884
1.362560	-0.694740
1.350569	-0.702326
1.338268	-0.709628
1.325699	-0.716593
1.312876	-0.723192
1.299757	-0.729424
1.286389	-0.735247
1.272817	-0.740630
1.259068	-0.745556
1.771159	-0.056678
1.757905	-0.112902
1.746624	-0.148476
1.736122	-0.176330
1.726196	-0.200240
1.716663	-0.221536
1.707562	-0.240674
1.698577	-0.258602
1.689629	-0.275626
1.681098	-0.291202
1.672520	-0.306276
1.663992	-0.320731
1.655656	-0.334406
1.647226	-0.347801
1.638939	-0.360576
1.630605	-0.373058
1.622320	-0.385123
1.614005	-0.396904
1.605727	-0.408327
1.597344	-0.419589
1.589019	-0.430489
1.580621	-0.441205
1.572128	-0.451764
1.563695	-0.461984
1.555087	-0.472150
1.546486	-0.482047
1.537809	-0.491775
1.528977	-0.501415
1.520151	-0.510791
1.511191	-0.520054
1.502105	-0.529187
1.492951	-0.538127
1.483667	-0.546931
1.474256	-0.555589
1.464719	-0.564094
1.455053	-0.572440
1.445255	-0.580623
1.435293	-0.588661
1.425181	-0.596532
1.414933	-0.604216
1.404523	-0.611725
1.393935	-0.619058
1.383171	-0.626203
1.372258	-0.633133
1.361178	-0.639849
1.349934	-0.646339
1.338513	-0.652602
1.326912	-0.658630
1.315155	-0.664401
1.303251	-0.669904
1.291213	-0.675129
1.279006	-0.680084
1.266674	-0.684748
1.254230	-0.689115
1.241690	-0.693180
1.771077	-0.056640
1.757121	-0.112531
1.745089	-0.147621
1.733760	-0.175023
1.723085	-0.198285
1.712827	-0.218878
1.702808	-0.237660
1.693019	-0.254964
1.683435	-0.271050
1.674003	-0.286154
1.664561	-0.300626
1.655424	-0.314088
1.646171	-0.327217
1.637063	-0.339684
1.627956	-0.351733
1.618955	-0.363263
1.609796	-0.374622
1.600864	-0.385368
1.591802	-0.395949
1.582732	-0.406229
1.573703	-0.416170
1.564579	-0.425932
1.555486	-0.435387
1.546324	-0.444647
1.537137	-0.453673
1.527907	-0.462489
1.518584	-0.471143
1.509258	-0.479556
1.499863	-0.487791
1.490352	-0.495887
1.480818	-0.503766
1.471227	-0.511459
1.461511	-0.519019
1.451714	-0.526407
1.441890	-0.533586
1.431950	-0.540618
1.421893	-0.547502
1.411769	-0.554199
1.401569	-0.560716
1.391262	-0.567069
1.380843	-0.573260
1.370334	-0.579271
1.359735	-0.585101
1.349049	-0.590745
1.338259	-0.596211
1.327368	-0.601495
1.316373	-0.606596
1.305297	-0.611501
1.294136	-0.616211
1.282896	-0.620723
1.271572	-0.625038
1.260144	-0.629163
1.248639	-0.633089
1.237068	-0.636811
1.225438	-0.640331
1.770950	-0.056580
1.755991	-0.111898
1.742877	-0.146341
1.730465	-0.172956
1.718760	-0.195360
1.707504	-0.215068
1.696492	-0.232964
1.685629	-0.249503
1.675163	-0.264557
1.664734	-0.278800
1.654577	-0.292035
1.644437	-0.304685
1.634420	-0.316677
1.624413	-0.328197
1.614632	-0.339052
1.604739	-0.349650
1.595013	-0.359720
1.585252	-0.369498
1.575552	-0.378908
1.565893	-0.387991
1.556143	-0.396881
1.546505	-0.405408
1.536873	-0.413681
1.527155	-0.421785
1.517469	-0.429631
1.507812	-0.437229
1.498091	-0.444661
1.488323	-0.451914
1.478592	-0.458935
1.468829	-0.465779
1.458993	-0.472475
1.449139	-0.478990
1.439271	-0.485325
1.429366	-0.491497
1.419390	-0.497529
1.409380	-0.503399
1.399342	-0.509107
1.389267	-0.514660
1.379122	-0.520074
1.368918	-0.525348
1.358685	-0.530464
1.348413	-0.535430
1.338080	-0.540257
1.327684	-0.544945
1.317237	-0.549491
1.306743	-0.553892
1.296205	-0.558149
1.285607	-0.562268
1.274953	-0.566249
1.264251	-0.570088
1.253505	-0.573786
1.242705	-0.577346
1.231846	-0.580772
1.220937	-0.584060
1.209982	-0.587211
1.770736	-0.056481
1.754393	-0.110717
1.739876	-0.143993
1.726041	-0.169511
1.712974	-0.190827
1.700382	-0.209477
1.688090	-0.226268
1.676313	-0.241290
1.664739	-0.255182
1.653447	-0.268018
1.642304	-0.280070
1.631367	-0.291371
1.620465	-0.302158
1.609816	-0.312279
1.599207	-0.321982
1.588785	-0.331175
1.578419	-0.340006
1.568027	-0.348564
1.557826	-0.356697
1.547679	-0.364536
1.537515	-0.372148
1.527433	-0.379478
1.517408	-0.386554
1.507395	-0.393420
1.497384	-0.400090
1.487452	-0.406526
1.477515	-0.412788
1.467586	-0.418874
1.457647	-0.424800
1.447757	-0.430539
1.437856	-0.436130
1.427960	-0.441568
1.418040	-0.446873
1.408113	-0.452039
1.398200	-0.457059
1.388288	-0.461944
1.378344	-0.466711
1.368365	-0.471364
1.358370	-0.475896
1.348397	-0.480293
1.338387	-0.484583
1.328341	-0.488767
1.318266	-0.492844
1.308177	-0.496808
1.298058	-0.500667
1.287910	-0.504424
1.277728	-0.508081
1.267520	-0.511636
1.257281	-0.515092
1.247004	-0.518451
1.236692	-0.521716
1.226349	-0.524885
1.215967	-0.527962
1.205544	-0.530949
1.195083	-0.533845
1.770391	-0.056320
1.752045	-0.108969
1.735606	-0.140613
1.720002	-0.164506
1.705327	-0.184250
1.691251	-0.201364
1.677998	-0.216206
1.665046	-0.229720
1.652557	-0.241969
1.640302	-0.253336
1.628455	-0.263789
1.616678	-0.273705
1.605287	-0.282896
1.593998	-0.291644
1.582785	-0.300008
1.571927	-0.307822
1.561137	-0.315326
1.550396	-0.322553
1.539825	-0.329444
1.529356	-0.336065
1.518949	-0.342454
1.508606	-0.348623
1.498394	-0.354547
1.488227	-0.360286
1.478095	-0.365853
1.468015	-0.371248
1.457979	-0.376482
1.448017	-0.381547
1.438069	-0.386481
1.428163	-0.391272
1.418258	-0.395947
1.408361	-0.400506
1.398522	-0.404930
1.388714	-0.409236
1.378894	-0.413445
1.369063	-0.417561
1.359234	-0.421579
1.349422	-0.425497
1.339626	-0.429318
1.329813	-0.433057
1.319996	-0.436711
1.310172	-0.440283
1.300326	-0.443780
1.290461	-0.447203
1.280590	-0.450548
1.270714	-0.453818
1.260810	-0.457021
1.250880	-0.460158
1.240933	-0.463228
1.230959	-0.466235
1.220955	-0.469179
1.210923	-0.472064
1.200865	-0.474889
1.190773	-0.477657
1.180645	-0.480370
1.769835	-0.055967
1.748553	-0.106343
1.729626	-0.135646
1.712191	-0.157103
1.695901	-0.174686
1.680845	-0.189395
1.666270	-0.202499
1.652543	-0.214012
1.639101	-0.224612
1.626340	-0.234145
1.613823	-0.243047
1.601568	-0.251375
1.589758	-0.259077
1.578097	-0.266391
1.566580	-0.273355
1.555363	-0.279908
1.544341	-0.286141
1.533432	-0.292121
1.522634	-0.297865
1.512013	-0.303355
1.501518	-0.308633
1.491104	-0.313731
1.480779	-0.318657
1.470516	-0.323431
1.460367	-0.328038
1.450296	-0.332502
1.440287	-0.336836
1.430323	-0.341054
1.420381	-0.345168
1.410466	-0.349183
1.400655	-0.353070
1.390879	-0.356864
1.381111	-0.360576
1.371351	-0.364210
1.361632	-0.367756
1.351913	-0.371232
1.342195	-0.374641
1.332521	-0.377969
1.322863	-0.381229
1.313196	-0.384431
1.303518	-0.387579
1.293843	-0.390669
1.284159	-0.393705
1.274461	-0.396693
1.264748	-0.399634
1.255046	-0.402522
1.245324	-0.405367
1.235579	-0.408172
1.225813	-0.410939
1.216024	-0.413668
1.206208	-0.416362
1.196365	-0.419023
1.186493	-0.421653
1.176590	-0.424253
1.166657	-0.426825
1.769024	-0.055305
1.743942	-0.102784
1.722112	-0.127951
1.702806	-0.146523
1.685546	-0.161185
1.669192	-0.173780
1.654096	-0.184528
1.639579	-0.194189
1.625692	-0.202904
1.612478	-0.210779
1.599599	-0.218102
1.587035	-0.224944
1.574985	-0.231254
1.563163	-0.237223
1.551538	-0.242893
1.540095	-0.248296
1.528932	-0.253408
1.517982	-0.258280
1.507174	-0.262957
1.496487	-0.267461
1.485898	-0.271811
1.475431	-0.276006
1.465132	-0.280039
1.454942	-0.283939
1.444809	-0.287734
1.434729	-0.291428
1.424701	-0.295028
1.414762	-0.298525
1.404897	-0.301928
1.395090	-0.305249
1.385317	-0.308497
1.375595	-0.311671
1.365889	-0.314785
1.356197	-0.317841
1.346535	-0.320839
1.336892	-0.323782
1.327279	-0.326670
1.317686	-0.329509
1.308110	-0.332302
1.298529	-0.335057
1.288941	-0.337776
1.279351	-0.340459
1.269755	-0.343110
1.260147	-0.345731
1.250524	-0.348325
1.240896	-0.350892
1.231264	-0.353433
1.221608	-0.355954
1.211930	-0.358457
1.202222	-0.360947
1.192485	-0.363424
1.182719	-0.365889
1.172920	-0.368346
1.163081	-0.370800
1.153207	-0.373249
1.767387	-0.053703
1.737781	-0.095576
1.713642	-0.116740
1.693068	-0.131965
1.674674	-0.144056
1.657866	-0.154140
1.642255	-0.162836
1.627349	-0.170627
1.613204	-0.177623
1.599770	-0.183951
1.586752	-0.189818
1.574099	-0.195295
1.561791	-0.200428
1.549932	-0.205208
1.538305	-0.209747
1.526882	-0.214073
1.515650	-0.218208
1.504597	-0.222169
1.493749	-0.225958
1.483120	-0.229582
1.472598	-0.233086
1.462179	-0.236481
1.451859	-0.239773
1.441657	-0.242960
1.431524	-0.246065
1.421455	-0.249092
1.411495	-0.252032
1.401640	-0.254891
1.391822	-0.257692
1.382039	-0.260439
1.372299	-0.263131
1.362605	-0.265771
1.352931	-0.268366
1.343277	-0.270922
1.333653	-0.273436
1.324061	-0.275910
1.314501	-0.278346
1.304946	-0.280754
1.295401	-0.283134
1.285852	-0.285491
1.276297	-0.287827
1.266736	-0.290144
1.257165	-0.292444
1.247578	-0.294731
1.237976	-0.297007
1.228352	-0.299274
1.218722	-0.301531
1.209075	-0.303783
1.199399	-0.306034
1.189684	-0.308289
1.179935	-0.310550
1.170151	-0.312817
1.160323	-0.315096
1.150444	-0.317390
1.140522	-0.319701
1.764559	-0.050831
1.730469	-0.085334
1.704670	-0.102168
1.683638	-0.113945
1.664525	-0.123522
1.647550	-0.131340
1.631717	-0.138143
1.616698	-0.144222
1.602372	-0.149726
1.588865	-0.154683
1.575830	-0.159274
1.563191	-0.163559
1.550896	-0.167585
1.538903	-0.171387
1.527184	-0.174992
1.515809	-0.178395
1.504643	-0.181648
1.493677	-0.184765
1.482870	-0.187765
1.472199	-0.190662
1.461651	-0.193465
1.451217	-0.196182
1.440923	-0.198812
1.430750	-0.201363
1.420680	-0.203844
1.410675	-0.206269
1.400763	-0.208635
1.390903	-0.210952
1.381085	-0.213226
1.371309	-0.215460
1.361592	-0.217651
1.351901	-0.219810
1.342233	-0.221939
1.332594	-0.224039
1.322999	-0.226108
1.313431	-0.228151
1.303869	-0.230176
1.294317	-0.232182
1.284762	-0.234175
1.275202	-0.236156
1.265635	-0.238128
1.256056	-0.240093
1.246460	-0.242052
1.236846	-0.244010
1.227207	-0.245969
1.217539	-0.247931
1.207843	-0.249899
1.198143	-0.251870
1.188396	-0.253854
1.178607	-0.255854
1.168777	-0.257870
1.158903	-0.259909
1.148958	-0.261977
1.138960	-0.264073
1.128907	-0.266202
1.761035	-0.045015
1.723249	-0.071681
1.697060	-0.084193
1.675241	-0.093226
1.656126	-0.100371
1.638987	-0.106291
1.623048	-0.111447
1.608033	-0.116039
1.593754	-0.120196
1.580081	-0.124005
1.567031	-0.127502
1.554435	-0.130759
1.542193	-0.133822
1.530276	-0.136715
1.518619	-0.139466
1.507225	-0.142084
1.496041	-0.144592
1.485038	-0.147001
1.474199	-0.149324
1.463558	-0.151557
1.453087	-0.153712
1.442738	-0.155803
1.432484	-0.157840
1.422316	-0.159825
1.412240	-0.161763
1.402254	-0.163655
1.392325	-0.165510
1.382448	-0.167331
1.372630	-0.169119
1.362864	-0.170878
1.353131	-0.172611
1.343426	-0.174322
1.333780	-0.176008
1.324166	-0.177674
1.314565	-0.179325
1.304973	-0.180963
1.295390	-0.182591
1.285805	-0.184210
1.276217	-0.185824
1.266620	-0.187434
1.257008	-0.189042
1.247380	-0.190651
1.237733	-0.192262
1.228054	-0.193880
1.218344	-0.195506
1.208603	-0.197141
1.198826	-0.198790
1.189000	-0.200455
1.179148	-0.202136
1.169250	-0.203838
1.159296	-0.205566
1.149261	-0.207328
1.139164	-0.209122
1.129000	-0.210953
1.118762	-0.212827
1.756787	-0.036395
1.717156	-0.055202
1.690605	-0.064103
1.668841	-0.070497
1.649558	-0.075639
1.632495	-0.079862
1.616575	-0.083564
1.601578	-0.086869
1.587337	-0.089864
1.573721	-0.092610
1.560628	-0.095152
1.547976	-0.097526
1.535702	-0.099758
1.523822	-0.101856
1.512223	-0.103850
1.500859	-0.105755
1.489713	-0.107580
1.478756	-0.109336
1.467991	-0.111026
1.457366	-0.112661
1.446867	-0.114248
1.436483	-0.115791
1.426221	-0.117292
1.416062	-0.118755
1.405979	-0.120186
1.395965	-0.121589
1.386027	-0.122965
1.376154	-0.124316
1.366342	-0.125644
1.356584	-0.126952
1.346871	-0.128243
1.337187	-0.129519
1.327523	-0.130784
1.317876	-0.132039
1.308247	-0.133285
1.298622	-0.134525
1.288998	-0.135760
1.279372	-0.136993
1.269737	-0.138225
1.260088	-0.139457
1.250425	-0.140692
1.240734	-0.141932
1.231014	-0.143180
1.221264	-0.144436
1.211482	-0.145702
1.201644	-0.146984
1.191759	-0.148281
1.181826	-0.149596
1.171859	-0.150930
1.161816	-0.152289
1.151705	-0.153676
1.141525	-0.155092
1.131268	-0.156543
1.120910	-0.158035
1.110448	-0.159572
1.752591	-0.025009
1.713096	-0.036668
1.686338	-0.042443
1.664368	-0.046621
1.645280	-0.049930
1.628097	-0.052701
1.612142	-0.055121
1.597155	-0.057279
1.582981	-0.059228
1.569421	-0.061019
1.556386	-0.062678
1.543784	-0.064229
1.531548	-0.065690
1.519641	-0.067072
1.508027	-0.068385
1.496655	-0.069640
1.485495	-0.070844
1.474523	-0.072003
1.463721	-0.073121
1.453089	-0.074202
1.442606	-0.075250
1.432257	-0.076267
1.422006	-0.077260
1.411853	-0.078230
1.401800	-0.079177
1.391813	-0.080108
1.381883	-0.081023
1.372013	-0.081923
1.362201	-0.082810
1.352425	-0.083686
1.342680	-0.084554
1.332968	-0.085413
1.323279	-0.086265
1.313603	-0.087112
1.303937	-0.087956
1.294277	-0.088797
1.284615	-0.089637
1.274947	-0.090477
1.265269	-0.091319
1.255570	-0.092164
1.245849	-0.093013
1.236104	-0.093868
1.226325	-0.094731
1.216500	-0.095603
1.206635	-0.096486
1.196726	-0.097381
1.186757	-0.098291
1.176717	-0.099219
1.166618	-0.100165
1.156468	-0.101130
1.146238	-0.102118
1.135901	-0.103136
1.125474	-0.104183
1.114952	-0.105262
1.104320	-0.106377
1.751787	-0.010935
1.710974	-0.017027
1.684123	-0.019979
1.662171	-0.022107
1.643098	-0.023794
1.625756	-0.025217
1.609826	-0.026447
1.594883	-0.027542
1.580714	-0.028533
1.567163	-0.029443
1.554128	-0.030286
1.541529	-0.031073
1.529314	-0.031814
1.517422	-0.032515
1.505811	-0.033181
1.494465	-0.033817
1.483329	-0.034428
1.472378	-0.035015
1.461593	-0.035583
1.450954	-0.036133
1.440479	-0.036666
1.430118	-0.037184
1.419855	-0.037691
1.409680	-0.038186
1.399603	-0.038671
1.389603	-0.039147
1.379661	-0.039616
1.369770	-0.040078
1.359937	-0.040534
1.350145	-0.040985
1.340383	-0.041433
1.330646	-0.041877
1.320936	-0.042318
1.311238	-0.042758
1.301548	-0.043197
1.291861	-0.043636
1.282170	-0.044076
1.272470	-0.044517
1.262758	-0.044960
1.253025	-0.045407
1.243263	-0.045857
1.233472	-0.046313
1.223649	-0.046774
1.213777	-0.047242
1.203853	-0.047719
1.193879	-0.048204
1.183851	-0.048699
1.173747	-0.049206
1.163562	-0.049727
1.153307	-0.050261
1.142976	-0.050812
1.132554	-0.051379
1.122003	-0.051969
1.111344	-0.052580
1.100569	-0.053216
1.752133	0.003757
1.710959	0.003060
1.684061	0.002765
1.662096	0.002568
1.643019	0.002422
1.625661	0.002305
1.609663	0.002209
1.594668	0.002127
1.580459	0.002056
1.566878	0.001993
1.553819	0.001937
1.541201	0.001886
1.528967	0.001840
1.517062	0.001797
1.505435	0.001758
1.494080	0.001720
1.482937	0.001685
1.471979	0.001652
1.461187	0.001620
1.450543	0.001590
1.440057	0.001560
1.429691	0.001532
1.419423	0.001503
1.409242	0.001476
1.399155	0.001448
1.389150	0.001421
1.379202	0.001393
1.369305	0.001366
1.359462	0.001338
1.349663	0.001310
1.339893	0.001281
1.330147	0.001252
1.320426	0.001221
1.310718	0.001190
1.301016	0.001158
1.291317	0.001124
1.281613	0.001089
1.271898	0.001052
1.262170	0.001013
1.252422	0.000973
1.242641	0.000930
1.232829	0.000884
1.222984	0.000836
1.213092	0.000785
1.203142	0.000731
1.193139	0.000673
1.183079	0.000610
1.172949	0.000544
1.162726	0.000472
1.152424	0.000395
1.142037	0.000312
1.131554	0.000222
1.120948	0.000125
1.110217	0.000018
1.099365	-0.000097
1.755671	0.018203
1.713363	0.022965
1.686146	0.025322
1.664113	0.027040
1.645010	0.028419
1.627640	0.029599
1.611549	0.030637
1.596497	0.031567
1.582258	0.032413
1.568648	0.033194
1.555560	0.033922
1.542928	0.034605
1.530673	0.035251
1.518736	0.035864
1.507108	0.036449
1.495725	0.037009
1.484556	0.037548
1.473574	0.038067
1.462763	0.038570
1.452110	0.039057
1.441612	0.039530
1.431226	0.039990
1.420940	0.040440
1.410743	0.040879
1.400655	0.041309
1.390634	0.041730
1.380672	0.042144
1.370763	0.042551
1.360916	0.042952
1.351106	0.043347
1.341326	0.043738
1.331574	0.044124
1.321847	0.044506
1.312131	0.044884
1.302423	0.045260
1.292719	0.045634
1.283010	0.046005
1.273292	0.046375
1.263561	0.046744
1.253807	0.047113
1.244025	0.047481
1.234214	0.047850
1.224370	0.048220
1.214472	0.048591
1.204524	0.048964
1.194525	0.049339
1.184470	0.049717
1.174335	0.050099
1.164126	0.050485
1.153840	0.050875
1.143469	0.051270
1.132999	0.051672
1.122399	0.052080
1.111687	0.052496
1.100852	0.052920
1.762445	0.030871
1.718457	0.041989
1.690571	0.047234
1.668358	0.050965
1.648996	0.053958
1.631622	0.056473
1.615489	0.058684
1.600346	0.060663
1.586007	0.062461
1.572323	0.064115
1.559173	0.065652
1.546475	0.067092
1.534172	0.068449
1.522199	0.069736
1.510512	0.070962
1.499074	0.072136
1.487853	0.073264
1.476832	0.074350
1.466008	0.075397
1.455371	0.076408
1.444860	0.077391
1.434462	0.078349
1.424164	0.079284
1.413991	0.080195
1.403894	0.081088
1.393865	0.081963
1.383896	0.082824
1.374001	0.083670
1.364151	0.084503
1.354338	0.085326
1.344559	0.086139
1.334816	0.086943
1.325092	0.087739
1.315382	0.088530
1.305683	0.089316
1.295988	0.090097
1.286291	0.090876
1.276588	0.091653
1.266872	0.092429
1.257135	0.093206
1.247376	0.093984
1.237592	0.094764
1.227766	0.095549
1.217898	0.096339
1.207989	0.097136
1.198033	0.097939
1.188004	0.098753
1.177911	0.099578
1.167760	0.100415
1.157546	0.101264
1.147237	0.102130
1.136825	0.103016
1.126317	0.103921
1.115705	0.104849
1.104973	0.105802
1.771257	0.040468
1.725674	0.059478
1.697477	0.067945
1.674632	0.074009
1.655222	0.078730
1.637615	0.082725
1.621375	0.086204
1.606162	0.089307
1.591733	0.092124
1.577950	0.094714
1.564707	0.097117
1.551920	0.099364
1.539584	0.101471
1.527598	0.103464
1.515902	0.105360
1.504452	0.107174
1.493238	0.108913
1.482224	0.110586
1.471374	0.112202
1.460671	0.113769
1.450104	0.115289
1.439676	0.116765
1.429364	0.118202
1.419140	0.119607
1.408997	0.120983
1.398938	0.122329
1.388958	0.123649
1.379031	0.124948
1.369180	0.126224
1.359380	0.127480
1.349620	0.128721
1.339886	0.129948
1.330172	0.131164
1.320483	0.132369
1.310804	0.133565
1.301130	0.134755
1.291458	0.135940
1.281782	0.137121
1.272096	0.138301
1.262397	0.139481
1.252679	0.140662
1.242932	0.141847
1.233156	0.143037
1.223350	0.144234
1.213500	0.145440
1.203598	0.146658
1.193648	0.147889
1.183648	0.149135
1.173586	0.150400
1.163462	0.151685
1.153269	0.152994
1.143000	0.154330
1.132646	0.155696
1.122171	0.157100
1.111597	0.158545
1.780818	0.046096
1.734366	0.074924
1.706183	0.087046
1.683290	0.095674
1.663381	0.102498
1.645816	0.108096
1.629466	0.112999
1.614089	0.117375
1.599513	0.121339
1.585614	0.124968
1.572410	0.128294
1.559644	0.131405
1.547265	0.134331
1.535212	0.137102
1.523441	0.139737
1.511918	0.142255
1.500612	0.144670
1.489507	0.146991
1.478578	0.149229
1.467877	0.151378
1.457325	0.153460
1.446885	0.155486
1.436548	0.157458
1.426324	0.159380
1.416193	0.161257
1.406130	0.163096
1.396129	0.164900
1.386200	0.166669
1.376329	0.168408
1.366497	0.170122
1.356700	0.171813
1.346947	0.173480
1.337223	0.175129
1.327549	0.176756
1.317888	0.178370
1.308244	0.179971
1.298601	0.181563
1.288957	0.183149
1.279309	0.184728
1.269651	0.186305
1.259978	0.187882
1.250288	0.189460
1.240573	0.191041
1.230826	0.192629
1.221050	0.194226
1.211241	0.195832
1.201379	0.197454
1.191470	0.199094
1.181526	0.200750
1.171549	0.202426
1.161493	0.204131
1.151370	0.205868
1.141181	0.207639
1.130918	0.209449
1.120564	0.211306
1.789889	0.046939
1.745282	0.086933
1.716411	0.103881
1.693815	0.115386
1.673754	0.124602
1.656131	0.132091
1.639679	0.138644
1.624207	0.144476
1.609530	0.149746
1.595730	0.154496
1.582445	0.158898
1.569587	0.163011
1.557116	0.166875
1.544961	0.170530
1.533091	0.174001
1.521569	0.177285
1.510288	0.180423
1.499189	0.183441
1.488254	0.186351
1.477472	0.189162
1.466848	0.191878
1.456348	0.194513
1.445949	0.197077
1.435643	0.199576
1.425485	0.202001
1.415432	0.204364
1.405437	0.206680
1.395493	0.208953
1.385608	0.211184
1.375783	0.213374
1.365990	0.215532
1.356226	0.217660
1.346500	0.219758
1.336800	0.221831
1.327115	0.223882
1.317459	0.225910
1.307840	0.227916
1.298223	0.229908
1.288603	0.231889
1.278979	0.233861
1.269346	0.235827
1.259700	0.237788
1.250038	0.239748
1.240354	0.241709
1.230642	0.243674
1.220904	0.245646
1.211136	0.247626
1.201325	0.249619
1.191496	0.251625
1.181633	0.253647
1.171727	0.255691
1.161753	0.257765
1.151724	0.259870
1.141641	0.262010
1.131498	0.264189
1.793017	0.046738
1.755150	0.095190
1.728159	0.117281
1.705675	0.132353
1.686067	0.144127
1.668297	0.153929
1.651963	0.162338
1.636521	0.169833
1.621897	0.176576
1.608099	0.182659
1.594761	0.188305
1.581828	0.193578
1.569248	0.198535
1.557134	0.203160
1.545324	0.207539
1.533753	0.211712
1.522390	0.215705
1.511204	0.219540
1.500178	0.223233
1.489358	0.226777
1.478721	0.230189
1.468227	0.233488
1.457824	0.236696
1.447506	0.239820
1.437269	0.242865
1.427133	0.245828
1.417065	0.248725
1.407085	0.251552
1.397178	0.254317
1.387340	0.257023
1.377537	0.259684
1.367762	0.262303
1.358012	0.264883
1.348306	0.267420
1.338613	0.269926
1.328932	0.272402
1.319267	0.274850
1.309652	0.277262
1.300038	0.279652
1.290421	0.282025
1.280804	0.284380
1.271178	0.286722
1.261538	0.289053
1.251886	0.291376
1.242214	0.293692
1.232520	0.296006
1.222803	0.298320
1.213067	0.300634
1.203316	0.302950
1.193532	0.305275
1.183715	0.307612
1.173854	0.309965
1.163945	0.312339
1.153995	0.314735
1.144002	0.317158
1.795534	0.046569
1.764408	0.100256
1.739544	0.127217
1.718110	0.145846
1.699301	0.160380
1.681846	0.172692
1.665820	0.183195
1.650637	0.192542
1.636119	0.201005
1.622446	0.208604
1.609165	0.215672
1.596234	0.222285
1.583792	0.228422
1.571727	0.234178
1.559884	0.239652
1.548260	0.244868
1.536831	0.249854
1.525698	0.254585
1.514716	0.259136
1.503875	0.263522
1.493165	0.267757
1.482575	0.271851
1.472097	0.275818
1.461774	0.279647
1.451526	0.283374
1.441382	0.286995
1.431287	0.290532
1.421238	0.293990
1.411235	0.297374
1.401322	0.300672
1.391487	0.303892
1.381676	0.307055
1.371892	0.310161
1.362151	0.313210
1.352420	0.316212
1.342699	0.319170
1.332997	0.322084
1.323311	0.324956
1.313663	0.327783
1.304013	0.330578
1.294370	0.333340
1.284718	0.336075
1.275056	0.338787
1.265382	0.341475
1.255698	0.344143
1.245996	0.346793
1.236274	0.349429
1.226551	0.352047
1.216807	0.354655
1.207035	0.357256
1.197236	0.359853
1.187402	0.362449
1.177534	0.365047
1.167632	0.367649
1.157696	0.370256
1.797089	0.045952
1.771682	0.102887
1.750035	0.133314
1.730092	0.155458
1.712253	0.172945
1.695937	0.187501
1.680263	0.200427
1.665741	0.211649
1.651611	0.221959
1.638169	0.231283
1.625178	0.239893
1.612459	0.247978
1.600221	0.255465
1.588262	0.262526
1.576482	0.269251
1.564891	0.275661
1.553635	0.281705
1.542503	0.287515
1.531514	0.293096
1.520646	0.298474
1.509984	0.303620
1.499436	0.308591
1.488960	0.313414
1.478559	0.318095
1.468257	0.322632
1.458048	0.327033
1.447929	0.331306
1.437852	0.335476
1.427845	0.339537
1.417865	0.343509
1.407907	0.347399
1.397994	0.351200
1.388176	0.354898
1.378364	0.358529
1.368559	0.362096
1.358765	0.365598
1.348998	0.369033
1.339229	0.372413
1.329466	0.375737
1.319738	0.378998
1.310013	0.382208
1.300275	0.385376
1.290524	0.388501
1.280769	0.391583
1.271002	0.394626
1.261215	0.397634
1.251415	0.400607
1.241615	0.403542
1.231789	0.406448
1.221936	0.409328
1.212058	0.412183
1.202152	0.415014
1.192216	0.417824
1.182249	0.420614
1.172251	0.423387
1.798033	0.045291
1.777036	0.103790
1.758176	0.137062
1.740534	0.161587
1.724261	0.181514
1.708899	0.198572
1.694554	0.213295
1.680560	0.226714
1.667340	0.238674
1.654312	0.249855
1.641886	0.260033
1.629626	0.269648
1.617655	0.278668
1.606001	0.287129
1.594450	0.295226
1.583104	0.302920
1.572051	0.310185
1.561076	0.317184
1.550178	0.323937
1.539493	0.330377
1.528887	0.336601
1.518359	0.342621
1.507903	0.348450
1.497584	0.354064
1.487325	0.359513
1.477102	0.364818
1.466929	0.369977
1.456799	0.374998
1.446760	0.379866
1.436740	0.384620
1.426752	0.389258
1.416786	0.393788
1.406819	0.398225
1.396892	0.402552
1.387009	0.406773
1.377131	0.410906
1.367241	0.414962
1.357344	0.418939
1.347457	0.422834
1.337580	0.426648
1.327704	0.430387
1.317811	0.434060
1.307918	0.437663
1.298005	0.441202
1.288069	0.444682
1.278111	0.448103
1.268150	0.451460
1.258169	0.454760
1.248157	0.458007
1.238117	0.461204
1.228055	0.464348
1.217961	0.467442
1.207834	0.470490
1.197675	0.473491
1.187482	0.476447
1.798577	0.044910
1.780562	0.104378
1.764365	0.138925
1.748770	0.165316
1.734201	0.187081
1.720316	0.205916
1.707007	0.222604
1.694339	0.237469
1.681820	0.251318
1.669857	0.263884
1.657943	0.275814
1.646457	0.286828
1.634999	0.297378
1.623834	0.307278
1.612856	0.316673
1.601911	0.325727
1.591233	0.334281
1.580556	0.342573
1.569916	0.350590
1.559526	0.358200
1.549157	0.365584
1.538782	0.372772
1.528516	0.379699
1.518325	0.386398
1.508159	0.392912
1.497988	0.399265
1.487908	0.405408
1.477845	0.411392
1.467799	0.417222
1.457745	0.422917
1.447723	0.428458
1.437723	0.433858
1.427731	0.439127
1.417723	0.444281
1.407688	0.449326
1.397685	0.454238
1.387687	0.459032
1.377666	0.463724
1.367613	0.468320
1.357535	0.472817
1.347463	0.477204
1.337380	0.481491
1.327259	0.485690
1.317107	0.489799
1.306932	0.493816
1.296732	0.497742
1.286497	0.501583
1.276229	0.505339
1.265925	0.509012
1.255596	0.512599
1.245225	0.516106
1.234813	0.519533
1.224364	0.522881
1.213875	0.526149
1.203339	0.529342
1.798913	0.044675
1.782923	0.104769
1.768650	0.140181
1.754837	0.167699
1.741861	0.190664
1.729434	0.210731
1.717411	0.228738
1.705849	0.244990
1.694585	0.259963
1.683401	0.274093
1.672582	0.287154
1.661725	0.299712
1.651215	0.311404
1.640721	0.322656
1.630428	0.333313
1.620130	0.343624
1.609871	0.353572
1.599823	0.363022
1.589718	0.372245
1.579709	0.381120
1.569706	0.389743
1.559716	0.398118
1.549830	0.406185
1.539917	0.414059
1.529955	0.421766
1.520067	0.429217
1.510202	0.436462
1.500273	0.443566
1.490312	0.450511
1.480420	0.457233
1.470490	0.463809
1.460498	0.470257
1.450479	0.476555
1.440488	0.482676
1.430452	0.488664
1.420353	0.494530
1.410209	0.500267
1.400066	0.505849
1.389884	0.511302
1.379639	0.516637
1.369336	0.521852
1.358995	0.526938
1.348630	0.531888
1.338204	0.536722
1.327716	0.541438
1.317176	0.546034
1.306586	0.550507
1.295950	0.554856
1.285253	0.559088
1.274497	0.563203
1.263687	0.567197
1.252825	0.571069
1.241919	0.574819
1.230938	0.578455
1.219899	0.581974
1.799135	0.044520
1.784630	0.104653
1.771740	0.140700
1.759323	0.168955
1.747683	0.192681
1.736535	0.213551
1.725683	0.232484
1.715031	0.249977
1.704842	0.265868
1.694752	0.280884
1.684795	0.295084
1.674959	0.308563
1.665197	0.321458
1.655636	0.333660
1.646030	0.345521
1.636492	0.356930
1.627059	0.367881
1.617602	0.378540
1.608195	0.388845
1.598730	0.398929
1.589401	0.408603
1.579978	0.418114
1.570508	0.427422
1.561140	0.436393
1.551667	0.445230
1.542151	0.453879
1.532661	0.462285
1.523102	0.470534
1.513485	0.478618
1.503839	0.486518
1.494134	0.494258
1.484361	0.501845
1.474545	0.509263
1.464643	0.516542
1.454672	0.523671
1.444654	0.530632
1.434539	0.537461
1.424334	0.544149
1.414055	0.550685
1.403714	0.557060
1.393266	0.563300
1.382714	0.569400
1.372084	0.575342
1.361373	0.581127
1.350566	0.586761
1.339657	0.592244
1.328652	0.597569
1.317553	0.602735
1.306359	0.607739
1.295080	0.612575
1.283714	0.617242
1.272261	0.621739
1.260717	0.626065
1.249065	0.630226
1.237339	0.634208
1.799281	0.044418
1.785784	0.104567
1.773926	0.140911
1.762545	0.169659
1.751874	0.193984
1.741652	0.215512
1.731804	0.234965
1.722185	0.252959
1.712823	0.269659
1.703595	0.285427
1.694489	0.300399
1.685593	0.314515
1.676620	0.328280
1.667885	0.341272
1.659087	0.353972
1.650348	0.366230
1.641659	0.378090
1.633009	0.389585
1.624237	0.400943
1.615651	0.411784
1.606898	0.422562
1.598191	0.433024
1.589464	0.443256
1.580641	0.453352
1.571823	0.463200
1.562926	0.472899
1.553992	0.482402
1.544969	0.491766
1.535874	0.500973
1.526736	0.509995
1.517458	0.518921
1.508120	0.527675
1.498702	0.536274
1.489122	0.544783
1.479459	0.553130
1.469713	0.561312
1.459803	0.569390
1.449744	0.577343
1.439597	0.585118
1.429304	0.592753
1.418848	0.600252
1.408241	0.607598
1.397478	0.614786
1.386574	0.621798
1.375510	0.628637
1.364276	0.635302
1.352876	0.641780
1.341318	0.648059
1.329579	0.654141
1.317679	0.660009
1.305641	0.665645
1.293458	0.671045
1.281126	0.676206
1.268621	0.681131
1.255992	0.685796
1.799379	0.044350
1.786570	0.104509
1.775429	0.141055
1.764785	0.170145
1.754817	0.194890
1.745404	0.216639
1.736330	0.236420
1.727395	0.254943
1.718718	0.272178
1.710327	0.288231
1.701881	0.303827
1.693691	0.318489
1.685543	0.332653
1.677378	0.346453
1.669423	0.359558
1.661349	0.372527
1.653429	0.384951
1.645438	0.397199
1.637473	0.409132
1.629528	0.420778
1.621535	0.432240
1.613538	0.443467
1.605495	0.454519
1.597400	0.465409
1.589262	0.476127
1.581092	0.486657
1.572805	0.497113
1.564506	0.507359
1.556057	0.517559
1.547549	0.527603
1.538964	0.537508
1.530190	0.547392
1.521384	0.557077
1.512416	0.566696
1.503257	0.576269
1.494032	0.585656
1.484614	0.594978
1.475002	0.604218
1.465225	0.613338
1.455269	0.622335
1.445102	0.631224
1.434703	0.640003
1.424067	0.648658
1.413230	0.657141
1.402141	0.665472
1.390796	0.673633
1.379162	0.681622
1.367258	0.689405
1.355093	0.696952
1.342633	0.704261
1.329886	0.711304
1.316885	0.718041
1.303643	0.724448
1.290089	0.730538
1.276307	0.736257
1.799444	0.044304
1.787102	0.104469
1.776456	0.141153
1.766327	0.170478
1.756887	0.195443
1.748065	0.217297
1.739490	0.237425
1.731113	0.256207
1.723006	0.273704
1.715108	0.290176
1.707325	0.305922
1.699629	0.321065
1.692064	0.335572
1.684522	0.349692
1.677082	0.363310
1.669674	0.376588
1.662311	0.389514
1.654950	0.402190
1.647634	0.414550
1.640262	0.426775
1.632961	0.438666
1.625535	0.450545
1.618218	0.462047
1.610730	0.473609
1.603332	0.484836
1.595770	0.496107
1.588234	0.507145
1.580584	0.518147
1.572849	0.529069
1.565074	0.539846
1.557112	0.550668
1.549158	0.561272
1.541002	0.571922
1.532746	0.582480
1.524363	0.592968
1.515773	0.603468
1.507067	0.613862
1.498156	0.624235
1.489029	0.634581
1.479701	0.644863
1.470148	0.655084
1.460317	0.665276
1.450194	0.675420
1.439794	0.685471
1.429084	0.695428
1.418006	0.705303
1.406544	0.715065
1.394701	0.724667
1.382395	0.734119
1.369672	0.743335
1.356494	0.752285
1.342797	0.760952
1.328659	0.769227
1.314051	0.777073
1.298919	0.784463
1.799487	0.044274
1.787455	0.104443
1.777140	0.141218
1.767359	0.170700
1.758338	0.195681
1.749864	0.217739
1.741635	0.238102
1.733717	0.256904
1.725936	0.274736
1.718465	0.291343
1.711101	0.307272
1.703755	0.322769
1.696689	0.337352
1.689518	0.351838
1.682590	0.365573
1.675572	0.379229
1.668710	0.392360
1.661791	0.405381
1.654965	0.418029
1.648092	0.430568
1.641276	0.442824
1.634407	0.454995
1.627573	0.466936
1.620671	0.478825
1.613788	0.490517
1.606820	0.502189
1.599855	0.513694
1.592793	0.525194
1.585705	0.536573
1.578532	0.547921
1.571271	0.559238
1.563948	0.570479
1.556475	0.581766
1.548951	0.592949
1.541252	0.604196
1.533442	0.615403
1.525471	0.626629
1.517303	0.637905
1.509003	0.649126
1.500467	0.660412
1.491681	0.671753
1.482692	0.683066
1.473391	0.694449
1.463761	0.705887
1.453819	0.717316
1.443494	0.728768
1.432715	0.740261
1.421470	0.751737
1.409654	0.763220
1.397294	0.774592
1.384221	0.785898
1.370483	0.796972
1.355912	0.807811
1.340517	0.818254
1.324252	0.828173
1.799514	0.044255
1.787677	0.104427
1.777571	0.141259
1.768012	0.170840
1.759255	0.195826
1.751003	0.218018
1.743010	0.238499
1.735369	0.257344
1.727814	0.275361
1.720641	0.292003
1.713514	0.308126
1.706482	0.323682
1.699657	0.338481
1.692819	0.353035
1.686143	0.367007
1.679471	0.380750
1.672880	0.394128
1.666319	0.407260
1.659787	0.420163
1.653291	0.432833
1.646790	0.445357
1.640319	0.457679
1.633824	0.469905
1.627343	0.481968
1.620828	0.493962
1.614306	0.505840
1.607742	0.517663
1.601146	0.529415
1.594506	0.541118
1.587806	0.552798
1.581057	0.564430
1.574218	0.576084
1.567326	0.587691
1.560315	0.599356
1.553235	0.610989
1.546004	0.622714
1.538690	0.634414
1.531180	0.646252
1.523579	0.658055
1.515748	0.670016
1.507757	0.682012
1.499539	0.694120
1.491043	0.706382
1.482329	0.718686
1.473271	0.731167
1.463845	0.743810
1.454049	0.756564
1.443792	0.769474
1.432981	0.782572
1.421560	0.795816
1.409391	0.809228
1.396419	0.822700
1.382391	0.836270
1.367277	0.849701
1.350673	0.862998
1.799530	0.044244
1.787804	0.104417
1.777819	0.141283
1.768387	0.170920
1.759783	0.195909
1.751660	0.218178
1.743818	0.238699
1.736325	0.257598
1.728907	0.275716
1.721903	0.292384
1.714915	0.308620
1.708072	0.324196
1.701384	0.339134
1.694755	0.353694
1.688215	0.367836
1.681766	0.381586
1.675317	0.395150
1.668994	0.408291
1.662611	0.421398
1.656370	0.434078
1.650029	0.446823
1.643831	0.459160
1.637526	0.471587
1.631320	0.483708
1.625024	0.495892
1.618784	0.507864
1.612471	0.519869
1.606168	0.531752
1.599809	0.543638
1.593420	0.555482
1.586984	0.567309
1.580481	0.579155
1.573932	0.590980
1.567289	0.602868
1.560587	0.614751
1.553771	0.626721
1.546868	0.638723
1.539841	0.650816
1.532680	0.663002
1.525392	0.675265
1.517903	0.687710
1.510289	0.700198
1.502416	0.712925
1.494353	0.725761
1.486010	0.738820
1.477356	0.752113
1.468386	0.765606
1.459019	0.779369
1.449160	0.793469
1.438770	0.807874
1.427777	0.822571
1.415946	0.837716
1.403195	0.853198
1.389194	0.869118
1.373643	0.885408
1.799540	0.044237
1.787892	0.104411
1.777991	0.141299
1.768649	0.170974
1.760150	0.195966
1.752117	0.218290
1.744388	0.238817
1.736992	0.257774
1.729670	0.275961
1.722784	0.292649
1.715894	0.308963
1.709182	0.324554
1.702595	0.339582
1.696108	0.354152
1.689672	0.368399
1.683372	0.382168
1.677035	0.395845
1.670869	0.409009
1.664629	0.422192
1.658534	0.434946
1.652368	0.447729
1.646304	0.460193
1.640189	0.472659
1.634126	0.484921
1.628037	0.497147
1.621950	0.509276
1.615861	0.521326
1.609726	0.533383
1.603613	0.545319
1.597420	0.557330
1.591240	0.569238
1.584968	0.581245
1.578691	0.593185
1.572313	0.605239
1.565907	0.617266
1.559390	0.629419
1.552821	0.641586
1.546125	0.653900
1.539354	0.666263
1.532431	0.678807
1.525409	0.691428
1.518196	0.704286
1.510866	0.717234
1.503298	0.730474
1.495564	0.743867
1.487557	0.757576
1.479281	0.771568
1.470702	0.785875
1.461751	0.800569
1.452335	0.815753
1.442458	0.831352
1.431953	0.847536
1.420636	0.864455
1.408387	0.882116
1.394987	0.900685
1.799557	0.044225
1.788031	0.104400
1.778261	0.141325
1.769061	0.171056
1.760726	0.196057
1.752834	0.218465
1.745288	0.238993
1.738039	0.258051
1.730910	0.276253
1.724172	0.293066
1.717474	0.309429
1.710937	0.325118
1.704545	0.340215
1.698252	0.354875
1.692028	0.369193
1.685922	0.383085
1.679831	0.396802
1.673853	0.410143
1.667876	0.423371
1.661981	0.436317
1.656099	0.449149
1.650256	0.461813
1.644443	0.474341
1.638654	0.486750
1.632857	0.499118
1.627102	0.511343
1.621297	0.523620
1.615554	0.535725
1.609723	0.547970
1.603971	0.560017
1.598121	0.572232
1.592314	0.584327
1.586433	0.596551
1.580544	0.608767
1.574609	0.621061
1.568619	0.633449
1.562603	0.645880
1.556493	0.658495
1.550369	0.671137
1.544119	0.684036
1.537852	0.696979
1.531445	0.710225
1.524996	0.723580
1.518391	0.737287
1.511728	0.751163
1.504886	0.765471
1.497967	0.780022
1.490854	0.795091
1.483631	0.810544
1.476221	0.826600
1.468655	0.843275
1.460909	0.860746
1.453031	0.879091
1.445074	0.898493
1.437065	0.919423
1.799573	0.044214
1.788168	0.104390
1.778528	0.141350
1.769471	0.171138
1.761298	0.196146
1.753549	0.218638
1.746183	0.239168
1.739083	0.258325
1.732153	0.276527
1.725558	0.293480
1.719070	0.309847
1.712692	0.325677
1.706521	0.340787
1.700400	0.355593
1.694405	0.369945
1.688480	0.383998
1.682636	0.397754
1.676855	0.411263
1.671139	0.424543
1.665504	0.437567
1.659862	0.450550
1.654331	0.463230
1.648743	0.476001
1.643293	0.488430
1.637760	0.501024
1.632352	0.513318
1.626884	0.525743
1.621476	0.538026
1.616058	0.550341
1.610647	0.562652
1.605254	0.574942
1.599862	0.587258
1.594447	0.599664
1.589066	0.612036
1.583618	0.624618
1.578236	0.637113
1.572787	0.649840
1.567357	0.662617
1.561906	0.675552
1.556423	0.688692
1.550966	0.701922
1.545461	0.715448
1.539977	0.729136
1.534479	0.743116
1.528976	0.757421
1.523521	0.771976
1.518057	0.787028
1.512705	0.802359
1.507415	0.818262
1.502272	0.834707
1.497377	0.851650
1.492769	0.869402
1.488644	0.887857
1.485209	0.907043
1.482724	0.927044
1.799598	0.044197
1.788373	0.104375
1.778930	0.141388
1.770102	0.171216
1.762160	0.196281
1.754626	0.218900
1.747533	0.239430
1.740660	0.258739
1.734028	0.276939
1.727655	0.294103
1.721485	0.310468
1.715352	0.326519
1.709513	0.341648
1.703671	0.356643
1.698012	0.371076
1.692435	0.385218
1.686903	0.399186
1.681541	0.412684
1.676135	0.426263
1.670932	0.439322
1.665684	0.452491
1.660564	0.465353
1.655464	0.478187
1.650411	0.490935
1.645432	0.503547
1.640496	0.516106
1.635569	0.528711
1.630743	0.541140
1.625904	0.553697
1.621139	0.566170
1.616409	0.578675
1.611706	0.591250
1.607062	0.603830
1.602470	0.616448
1.597889	0.629240
1.593402	0.642006
1.588955	0.654923
1.584551	0.668016
1.580248	0.681164
1.576018	0.694488
1.571861	0.708051
1.567834	0.721742
1.563935	0.735647
1.560179	0.749821
1.556595	0.764291
1.553255	0.778927
1.550166	0.793905
1.547389	0.809226
1.544996	0.824852
1.543062	0.840814
1.541681	0.857022
1.540946	0.873495
1.540960	0.890260
1.541822	0.907132
1.543612	0.924022
1.799633	0.044173
1.788661	0.104354
1.779495	0.141441
1.771018	0.171257
1.763383	0.196472
1.756161	0.219270
1.749452	0.239801
1.742915	0.259305
1.736697	0.277527
1.730681	0.294911
1.724936	0.311348
1.719249	0.327485
1.713801	0.342869
1.708479	0.357852
1.703207	0.372667
1.698182	0.386804
1.693156	0.400966
1.688300	0.414698
1.683520	0.428284
1.678835	0.441684
1.674231	0.454952
1.669743	0.468009
1.665301	0.481068
1.660967	0.493964
1.656727	0.506761
1.652544	0.519580
1.648458	0.532319
1.644474	0.544989
1.640566	0.557687
1.636731	0.570451
1.633037	0.583084
1.629425	0.595814
1.625916	0.608603
1.622520	0.621457
1.619276	0.634275
1.616153	0.647227
1.613177	0.660271
1.610356	0.673450
1.607738	0.686619
1.605314	0.699927
1.603107	0.713360
1.601143	0.726926
1.599451	0.740625
1.598061	0.754438
1.597006	0.768363
1.596322	0.782352
1.596041	0.796420
1.596199	0.810585
1.596827	0.824742
1.597958	0.838935
1.599605	0.853012
1.601797	0.867044
1.604532	0.880929
1.607814	0.894654
1.611623	0.908148
1.799677	0.044141
1.789038	0.104326
1.780237	0.141511
1.772221	0.171310
1.764996	0.196722
1.758267	0.219533
1.751996	0.240291
1.745996	0.259818
1.740253	0.278306
1.734814	0.295721
1.729556	0.312508
1.724512	0.328627
1.719643	0.344248
1.714935	0.359441
1.710370	0.374303
1.705989	0.388715
1.701694	0.403027
1.697602	0.416876
1.693593	0.430677
1.689707	0.444323
1.685995	0.457649
1.682384	0.470943
1.678903	0.484116
1.675539	0.497246
1.672350	0.510130
1.669266	0.523077
1.666334	0.535919
1.663525	0.548826
1.660907	0.561519
1.658431	0.574282
1.656130	0.586982
1.653992	0.599759
1.652048	0.612485
1.650295	0.625275
1.648766	0.637959
1.647455	0.650694
1.646383	0.663407
1.645558	0.676161
1.645000	0.688894
1.644722	0.701640
1.644739	0.714362
1.645066	0.727064
1.645715	0.739731
1.646698	0.752341
1.648026	0.764899
1.649704	0.777362
1.651730	0.789683
1.654100	0.801834
1.656831	0.813890
1.659900	0.825759
1.663324	0.837511
1.667022	0.848919
1.671052	0.860195
1.675368	0.871241
1.679939	0.882022
1.799735	0.044101
1.789524	0.104290
1.781196	0.141602
1.773772	0.171378
1.767085	0.197045
1.761006	0.219832
1.755307	0.240922
1.750017	0.260423
1.744946	0.279138
1.740207	0.296760
1.735754	0.313518
1.731447	0.329969
1.727398	0.345740
1.723577	0.360969
1.719885	0.376072
1.716418	0.390695
1.713138	0.405008
1.710040	0.419065
1.707109	0.432946
1.704337	0.446726
1.701778	0.460164
1.699384	0.473528
1.697190	0.486655
1.695160	0.499803
1.693337	0.512727
1.691694	0.525675
1.690266	0.538418
1.689040	0.551120
1.688037	0.563636
1.687247	0.576162
1.686688	0.588535
1.686360	0.600898
1.686272	0.613119
1.686431	0.625309
1.686842	0.637364
1.687511	0.649366
1.688439	0.661236
1.689635	0.673030
1.691089	0.684641
1.692806	0.696119
1.694788	0.707466
1.697031	0.718677
1.699537	0.729754
1.702301	0.740688
1.705289	0.751383
1.708511	0.761897
1.711961	0.772239
1.715649	0.782451
1.719507	0.792380
1.723554	0.802109
1.727818	0.811719
1.732217	0.821060
1.736772	0.830204
1.741507	0.839212
1.746328	0.847942
1.799808	0.044051
1.790147	0.104245
1.782432	0.141712
1.775763	0.171465
1.769794	0.197425
1.764536	0.220213
1.759694	0.241362
1.755227	0.261197
1.751131	0.279845
1.747334	0.297684
1.743846	0.314704
1.740631	0.331111
1.737674	0.347006
1.734984	0.362350
1.732498	0.377523
1.730272	0.392203
1.728283	0.406552
1.726526	0.420624
1.725004	0.434393
1.723700	0.448046
1.722637	0.461357
1.721797	0.474605
1.721197	0.487522
1.720827	0.500383
1.720694	0.512941
1.720798	0.525435
1.721138	0.537652
1.721718	0.549795
1.722531	0.561680
1.723586	0.573483
1.724870	0.585040
1.726393	0.596490
1.728143	0.607741
1.730119	0.618826
1.732302	0.629663
1.734695	0.640311
1.737307	0.650820
1.740115	0.661132
1.743130	0.671301
1.746291	0.681161
1.749633	0.690857
1.753156	0.700404
1.756842	0.709774
1.760633	0.718855
1.764581	0.727792
1.768680	0.736590
1.772860	0.745126
1.777159	0.753493
1.781594	0.761742
1.786085	0.769744
1.790669	0.777585
1.795378	0.785327
1.800115	0.792831
1.804930	0.800189
1.809862	0.807467
1.800187	0.043786
1.790950	0.104186
1.784080	0.141651
1.778346	0.171577
1.773434	0.197461
1.769159	0.220707
1.765468	0.241764
1.762197	0.261593
1.759304	0.280472
1.756782	0.298467
1.754657	0.315353
1.752839	0.331755
1.751330	0.347662
1.750138	0.362899
1.749226	0.377900
1.748610	0.392343
1.748271	0.406494
1.748207	0.420302
1.748411	0.433732
1.748880	0.446942
1.749602	0.459752
1.750584	0.472394
1.751802	0.484660
1.753270	0.496765
1.754962	0.508545
1.756885	0.520112
1.759005	0.531329
1.761333	0.542315
1.763871	0.553114
1.766590	0.563641
1.769518	0.574034
1.772557	0.584001
1.775773	0.593806
1.779154	0.603428
1.782677	0.612834
1.786302	0.621953
1.790050	0.630865
1.793928	0.639615
1.797909	0.648158
1.801952	0.656437
1.806108	0.664578
1.810360	0.672559
1.814638	0.680273
1.819012	0.687864
1.823463	0.695311
1.827927	0.702524
1.832474	0.709628
1.837078	0.716594
1.841682	0.723348
1.846367	0.730021
1.851089	0.736556
1.855810	0.742914
1.860597	0.749188
1.865407	0.755334
1.870236	0.761352
1.800261	0.043735
1.792000	0.104109
1.786275	0.141420
1.781768	0.171725
1.778240	0.197483
1.775419	0.220613
1.773191	0.241874
1.771479	0.261744
1.770235	0.280538
1.769431	0.298311
1.769038	0.315026
1.769021	0.331212
1.769362	0.346777
1.770036	0.361610
1.771040	0.376099
1.772326	0.389852
1.773918	0.403344
1.775766	0.416289
1.777889	0.428951
1.780240	0.441157
1.782843	0.453107
1.785603	0.464479
1.788591	0.475643
1.791734	0.486394
1.795091	0.496975
1.798550	0.507095
1.802147	0.516925
1.805910	0.526570
1.809772	0.535897
1.813707	0.544892
1.817758	0.553683
1.821904	0.562253
1.826103	0.570546
1.830372	0.578618
1.834721	0.586512
1.839098	0.594159
1.843529	0.601619
1.848019	0.608917
1.852515	0.615989
1.857055	0.622907
1.861652	0.629701
1.866224	0.636266
1.870836	0.642708
1.875505	0.649056
1.880134	0.655191
1.884800	0.661225
1.889502	0.667165
1.894174	0.672932
1.898884	0.678618
1.903612	0.684205
1.908313	0.689649
1.913054	0.695029
1.917794	0.700305
1.922526	0.705475
1.927298	0.710595
1.800360	0.043666
1.793403	0.104007
1.789190	0.141115
1.786432	0.171334
1.784701	0.197252
1.783781	0.220288
1.783533	0.241282
1.783870	0.260762
1.784729	0.279071
1.786045	0.296192
1.787768	0.312291
1.789900	0.327792
1.792348	0.342394
1.795132	0.356452
1.798168	0.369786
1.801434	0.382471
1.804947	0.394726
1.808670	0.406513
1.812520	0.417702
1.816545	0.428513
1.820696	0.438898
1.824995	0.448965
1.829311	0.458485
1.833780	0.467807
1.838321	0.476798
1.842852	0.485351
1.847512	0.493756
1.852190	0.501843
1.856855	0.509595
1.861617	0.517215
1.866366	0.524550
1.871113	0.531640
1.875912	0.538585
1.880683	0.545281
1.885490	0.551837
1.890288	0.558204
1.895053	0.564363
1.899869	0.570435
1.904670	0.576341
1.909424	0.582058
1.914226	0.587705
1.918988	0.593187
1.923753	0.598561
1.928544	0.603856
1.933260	0.608972
1.938003	0.614022
1.942768	0.619004
1.947477	0.623844
1.952207	0.628623
1.956936	0.633325
1.961627	0.637915
1.966349	0.642464
1.971056	0.646932
1.975741	0.651315
1.980457	0.655666
1.800493	0.043573
1.795343	0.103865
1.793187	0.140701
1.792807	0.170529
1.793534	0.195985
1.795117	0.218507
1.797386	0.238815
1.800227	0.257419
1.803574	0.274751
1.807282	0.290706
1.811355	0.305729
1.815659	0.319687
1.820219	0.332900
1.824971	0.345390
1.829816	0.357069
1.834846	0.368292
1.839923	0.378851
1.845045	0.388858
1.850326	0.398588
1.855489	0.407617
1.860773	0.416417
1.866069	0.424842
1.871299	0.432823
1.876604	0.440607
1.881851	0.448026
1.887106	0.455205
1.892308	0.462086
1.897513	0.468763
1.902750	0.475285
1.907856	0.481474
1.912996	0.487543
1.918115	0.493438
1.923196	0.499150
1.928272	0.504728
1.933252	0.510083
1.938251	0.515347
1.943255	0.520511
1.948184	0.525501
1.953109	0.530392
1.957997	0.535161
1.962849	0.539814
1.967735	0.544420
1.972552	0.548887
1.977347	0.553263
1.982164	0.557592
1.986890	0.561777
1.991644	0.565927
1.996404	0.570022
2.001100	0.574006
2.005811	0.577949
2.010506	0.581828
2.015163	0.585625
2.019846	0.589396
2.024506	0.593103
2.029145	0.596750
1.800690	0.043436
1.798191	0.103189
1.798967	0.139563
1.801808	0.168460
1.805733	0.192860
1.810428	0.214173
1.815616	0.232947
1.821304	0.250188
1.827085	0.265420
1.833181	0.279677
1.839321	0.292678
1.845567	0.304794
1.851816	0.316033
1.858110	0.326607
1.864328	0.336445
1.870533	0.345742
1.876745	0.354595
1.882770	0.362807
1.888902	0.370818
1.894850	0.378296
1.900773	0.385481
1.906613	0.392334
1.912452	0.398972
1.918166	0.405280
1.923788	0.411318
1.929432	0.417222
1.934969	0.422872
1.940475	0.428358
1.945860	0.433605
1.951219	0.438716
1.956572	0.443717
1.961831	0.448534
1.967066	0.453239
1.972202	0.457772
1.977309	0.462201
1.982433	0.466569
1.987444	0.470772
1.992477	0.474926
1.997430	0.478952
2.002321	0.482868
2.007236	0.486748
2.012082	0.490519
2.016910	0.494224
2.021756	0.497894
2.026502	0.501441
2.031242	0.504938
2.035989	0.508396
2.040657	0.511756
2.045349	0.515093
2.050030	0.518383
2.054659	0.521598
2.059308	0.524792
2.063923	0.527927
2.068502	0.531006
2.073103	0.534067
1.801032	0.043198
1.802518	0.101783
1.807566	0.136994
1.814558	0.163912
1.822310	0.186265
1.830287	0.205085
1.838442	0.221609
1.846447	0.236004
1.854519	0.249140
1.862342	0.260861
1.870056	0.271619
1.877629	0.281541
1.884969	0.290649
1.892304	0.299303
1.899311	0.307216
1.906217	0.314708
1.913061	0.321858
1.919688	0.328550
1.926171	0.334894
1.932554	0.340960
1.938862	0.346790
1.945037	0.352351
1.951032	0.357621
1.956999	0.362747
1.962832	0.367650
1.968673	0.372457
1.974315	0.377010
1.979910	0.381439
1.985408	0.385715
1.990848	0.389871
1.996276	0.393949
2.001575	0.397867
2.006861	0.401713
2.012021	0.405411
2.017137	0.409025
2.022268	0.412597
2.027261	0.416025
2.032273	0.419421
2.037245	0.422744
2.042130	0.425968
2.047000	0.429141
2.051805	0.432234
2.056579	0.435270
2.061360	0.438274
2.066066	0.441196
2.070765	0.444081
2.075466	0.446934
2.080088	0.449708
2.084703	0.452447
2.089312	0.455153
2.093851	0.457789
2.098410	0.460408
2.102960	0.462994
2.107458	0.465523
2.111974	0.468036
1.801626	0.042785
1.808941	0.099728
1.820347	0.131103
1.831998	0.154521
1.843325	0.173198
1.854000	0.188514
1.864465	0.201968
1.874185	0.213444
1.883635	0.223822
1.892571	0.233060
1.901255	0.241576
1.909616	0.249400
1.917610	0.256580
1.925315	0.263250
1.932872	0.269573
1.940256	0.275560
1.947253	0.281076
1.954174	0.286391
1.960878	0.291413
1.967537	0.296287
1.973947	0.300878
1.980227	0.305285
1.986336	0.309491
1.992382	0.313577
1.998324	0.317523
2.004156	0.321331
2.009944	0.325049
2.015505	0.328568
2.021071	0.332038
2.026481	0.335363
2.031870	0.338629
2.037203	0.341819
2.042428	0.344903
2.047659	0.347952
2.052754	0.350886
2.057788	0.353749
2.062804	0.356570
2.067704	0.359294
2.072615	0.361994
2.077471	0.364635
2.082261	0.367212
2.087054	0.369763
2.091781	0.372252
2.096468	0.374695
2.101131	0.377101
2.105722	0.379446
2.110296	0.381759
2.114865	0.384046
2.119373	0.386281
2.123872	0.388490
2.128365	0.390674
2.132804	0.392810
2.137238	0.394924
2.141666	0.397013
2.146047	0.399060
1.803268	0.041647
1.819866	0.092537
1.837474	0.118645
1.852713	0.136837
1.866664	0.151282
1.879053	0.162889
1.890815	0.173057
1.901507	0.181733
1.911571	0.189479
1.921233	0.196577
1.930416	0.203056
1.939011	0.208913
1.947326	0.214401
1.955439	0.219602
1.963184	0.224438
1.970663	0.228997
1.977826	0.233268
1.984866	0.237380
1.991700	0.241295
1.998401	0.245063
2.004932	0.248674
2.011279	0.252126
2.017429	0.255421
2.023512	0.258632
2.029424	0.261711
2.035330	0.264746
2.041016	0.267631
2.046704	0.270481
2.052255	0.273230
2.057716	0.275905
2.063093	0.278509
2.068329	0.281019
2.073565	0.283503
2.078698	0.285915
2.083776	0.288279
2.088840	0.290613
2.093778	0.292869
2.098713	0.295103
2.103597	0.297295
2.108394	0.299430
2.113167	0.301537
2.117864	0.303593
2.122511	0.305612
2.127153	0.307613
2.131733	0.309572
2.136279	0.311503
2.140818	0.313416
2.145300	0.315291
2.149758	0.317143
2.154207	0.318978
2.158608	0.320781
2.162987	0.322563
2.167360	0.324330
2.171680	0.326064
2.175972	0.327776
1.807300	0.038868
1.834767	0.078934
1.855971	0.097561
1.873209	0.110530
1.888359	0.120792
1.901759	0.129198
1.913793	0.136312
1.925035	0.142636
1.935616	0.148343
1.945474	0.153471
1.954786	0.158166
1.963592	0.162485
1.972132	0.166568
1.980348	0.170406
1.988218	0.174007
1.995807	0.177413
2.003051	0.180608
2.010166	0.183696
2.017030	0.186631
2.023781	0.189476
2.030318	0.192194
2.036767	0.194842
2.043013	0.197375
2.049219	0.199865
2.055120	0.202207
2.061012	0.204522
2.066712	0.206741
2.072376	0.208926
2.077937	0.211053
2.083394	0.213123
2.088834	0.215169
2.094109	0.217139
2.099376	0.219091
2.104558	0.220998
2.109660	0.222864
2.114739	0.224709
2.119681	0.226493
2.124585	0.228253
2.129458	0.229992
2.134229	0.231685
2.139001	0.233371
2.143718	0.235028
2.148371	0.236656
2.153020	0.238274
2.157615	0.239866
2.162163	0.241435
2.166705	0.242995
2.171197	0.244532
2.175653	0.246051
2.180103	0.247562
2.184509	0.249053
2.188874	0.250526
2.193217	0.251987
2.197524	0.253432
2.201804	0.254864
1.814587	0.030645
1.848870	0.057000
1.871541	0.069129
1.889875	0.077816
1.905159	0.084494
1.918877	0.090128
1.931410	0.095026
1.942979	0.099365
1.953560	0.103200
1.963449	0.106680
1.972900	0.109922
1.981934	0.112949
1.990499	0.115761
1.998791	0.118431
2.006786	0.120963
2.014440	0.123349
2.021911	0.125645
2.029001	0.127796
2.035987	0.129889
2.042708	0.131882
2.049356	0.133832
2.055757	0.135692
2.062128	0.137527
2.068243	0.139273
2.074349	0.141002
2.080246	0.142660
2.086103	0.144296
2.091832	0.145885
2.097469	0.147440
2.103056	0.148973
2.108476	0.150451
2.113848	0.151910
2.119106	0.153331
2.124314	0.154733
2.129485	0.156119
2.134535	0.157469
2.139579	0.158812
2.144550	0.160132
2.149460	0.161432
2.154352	0.162724
2.159166	0.163992
2.163951	0.165251
2.168710	0.166500
2.173396	0.167727
2.178071	0.168951
2.182716	0.170165
2.187296	0.171361
2.191875	0.172556
2.196421	0.173742
2.200911	0.174913
2.205382	0.176080
2.209817	0.177237
2.214212	0.178384
2.218606	0.179533
2.222978	0.180676
1.822159	0.015170
1.858663	0.029710
1.881757	0.036686
1.900327	0.041744
1.916167	0.045758
1.930108	0.049104
1.942593	0.051973
1.954100	0.054524
1.964751	0.056815
1.974812	0.058924
1.984403	0.060887
1.993474	0.062707
2.002113	0.064408
2.010492	0.066031
2.018487	0.067557
2.026222	0.069013
2.033758	0.070415
2.040976	0.071742
2.048104	0.073040
2.054919	0.074269
2.061673	0.075477
2.068103	0.076617
2.074519	0.077747
2.080685	0.078826
2.086820	0.079893
2.092780	0.080924
2.098670	0.081938
2.104457	0.082930
2.110127	0.083898
2.115770	0.084857
2.121244	0.085785
2.126707	0.086708
2.132066	0.087611
2.137363	0.088502
2.142629	0.089386
2.147771	0.090248
2.152906	0.091107
2.157968	0.091953
2.162972	0.092789
2.167956	0.093621
2.172862	0.094441
2.177745	0.095256
2.182599	0.096067
2.187378	0.096866
2.192155	0.097666
2.196890	0.098459
2.201576	0.099246
2.206252	0.100032
2.210873	0.100810
2.215457	0.101584
2.220034	0.102358
2.224578	0.103129
2.229100	0.103898
2.233615	0.104667
2.238104	0.105435
1.825545	-0.005545
1.863266	0.000078
1.886534	0.002780
1.905015	0.004724
1.920707	0.006263
1.934643	0.007557
1.947277	0.008679
1.958923	0.009677
1.969802	0.010579
1.979901	0.011394
1.989465	0.012148
1.998628	0.012855
2.007368	0.013516
2.015693	0.014135
2.023786	0.014727
2.031540	0.015286
2.039062	0.015822
2.046380	0.016337
2.053437	0.016828
2.060381	0.017306
2.067066	0.017763
2.073680	0.018210
2.080065	0.018639
2.086383	0.019060
2.092527	0.019467
2.098584	0.019866
2.104531	0.020256
2.110355	0.020635
2.116138	0.021011
2.121755	0.021374
2.127358	0.021735
2.132836	0.022086
2.138269	0.022434
2.143637	0.022777
2.148907	0.023114
2.154161	0.023448
2.159322	0.023777
2.164448	0.024103
2.169538	0.024426
2.174539	0.024744
2.179531	0.025062
2.184457	0.025375
2.189337	0.025687
2.194202	0.025997
2.199012	0.026305
2.203799	0.026613
2.208567	0.026920
2.213286	0.027225
2.217996	0.027531
2.222686	0.027836
2.227334	0.028141
2.231982	0.028448
2.236608	0.028755
2.241208	0.029063
2.245807	0.029373
1.823455	-0.027700
1.861414	-0.030078
1.885048	-0.031315
1.903806	-0.032235
1.919644	-0.032977
1.933657	-0.033614
1.946354	-0.034176
1.958039	-0.034684
1.968972	-0.035151
1.979059	-0.035576
1.988651	-0.035977
1.997847	-0.036357
2.006587	-0.036716
2.014918	-0.037056
2.023019	-0.037385
2.030770	-0.037698
2.038315	-0.038002
2.045612	-0.038295
2.052690	-0.038579
2.059615	-0.038856
2.066318	-0.039124
2.072913	-0.039388
2.079314	-0.039644
2.085615	-0.039896
2.091773	-0.040143
2.097813	-0.040386
2.103771	-0.040625
2.109578	-0.040859
2.115364	-0.041092
2.120972	-0.041320
2.126562	-0.041547
2.132044	-0.041770
2.137460	-0.041991
2.142836	-0.042212
2.148089	-0.042429
2.153331	-0.042646
2.158492	-0.042861
2.163601	-0.043075
2.168684	-0.043289
2.173678	-0.043501
2.178661	-0.043713
2.183595	-0.043925
2.188469	-0.044135
2.193334	-0.044347
2.198149	-0.044558
2.202929	-0.044770
2.207696	-0.044982
2.212417	-0.045194
2.217119	-0.045408
2.221806	-0.045623
2.226454	-0.045838
2.231094	-0.046056
2.235718	-0.046275
2.240313	-0.046495
2.244905	-0.046718
