0.000000e+00 0.000000e+00 0.000000e+00 0.000000e+00 0.000000e+00 1.788941e+00 0.000000e+00 0.000000e+00 0.000000e+00 5.241777e-01 2.794485e+00 
3.349624e-02 3.686416e-02 0.000000e+00 0.000000e+00 0.000000e+00 1.788652e+00 0.000000e+00 5.265398e-02 0.000000e+00 2.603095e+00 2.794333e+00 
7.002156e-02 7.718991e-02 0.000000e+00 0.000000e+00 0.000000e+00 1.787055e+00 0.000000e+00 2.263069e-01 0.000000e+00 5.445757e+00 2.794166e+00 
9.349210e-02 1.028420e-01 0.000000e+00 0.000000e+00 0.000000e+00 1.785211e+00 0.000000e+00 3.994735e-01 0.000000e+00 7.248026e+00 2.794037e+00 
1.123764e-01 1.233992e-01 0.000000e+00 0.000000e+00 0.000000e+00 1.783360e+00 0.000000e+00 5.719324e-01 0.000000e+00 8.687824e+00 2.793897e+00 
1.287564e-01 1.411789e-01 0.000000e+00 0.000000e+00 0.000000e+00 1.781605e+00 0.000000e+00 7.444215e-01 0.000000e+00 9.929811e+00 2.793755e+00 
1.434202e-01 1.571321e-01 0.000000e+00 0.000000e+00 0.000000e+00 1.779854e+00 0.000000e+00 9.156080e-01 0.000000e+00 1.104102e+01 2.793663e+00 
1.569161e-01 1.717172e-01 0.000000e+00 0.000000e+00 0.000000e+00 1.778119e+00 0.000000e+00 1.086428e+00 0.000000e+00 1.205409e+01 2.793521e+00 
1.695040e-01 1.852916e-01 0.000000e+00 0.000000e+00 0.000000e+00 1.776369e+00 0.000000e+00 1.256543e+00 0.000000e+00 1.299417e+01 2.793433e+00 
1.813937e-01 1.980769e-01 0.000000e+00 0.000000e+00 0.000000e+00 1.774614e+00 0.000000e+00 1.426226e+00 0.000000e+00 1.387706e+01 2.793312e+00 
1.926709e-01 2.102268e-01 0.000000e+00 0.000000e+00 0.000000e+00 1.772867e+00 0.000000e+00 1.594654e+00 0.000000e+00 1.471377e+01 2.793210e+00 
2.034808e-01 2.217656e-01 0.000000e+00 0.000000e+00 0.000000e+00 1.771046e+00 0.000000e+00 1.762422e+00 0.000000e+00 1.550543e+01 2.793101e+00 
2.139067e-01 2.328493e-01 0.000000e+00 0.000000e+00 0.000000e+00 1.769221e+00 0.000000e+00 1.929666e+00 0.000000e+00 1.626360e+01 2.792996e+00 
2.239808e-01 2.435749e-01 0.000000e+00 0.000000e+00 0.000000e+00 1.767422e+00 0.000000e+00 2.096007e+00 0.000000e+00 1.699545e+01 2.792892e+00 
2.337648e-01 2.539280e-01 0.000000e+00 0.000000e+00 0.000000e+00 1.765580e+00 0.000000e+00 2.261564e+00 0.000000e+00 1.769937e+01 2.792788e+00 
2.433061e-01 2.639647e-01 0.000000e+00 0.000000e+00 0.000000e+00 1.763705e+00 0.000000e+00 2.426533e+00 0.000000e+00 1.837941e+01 2.792682e+00 
2.526143e-01 2.737725e-01 0.000000e+00 0.000000e+00 0.000000e+00 1.761849e+00 0.000000e+00 2.590431e+00 0.000000e+00 1.904225e+01 2.792582e+00 
2.617165e-01 2.833019e-01 0.000000e+00 0.000000e+00 0.000000e+00 1.759942e+00 0.000000e+00 2.753097e+00 0.000000e+00 1.968374e+01 2.792471e+00 
2.706648e-01 2.926525e-01 0.000000e+00 0.000000e+00 0.000000e+00 1.758045e+00 0.000000e+00 2.915237e+00 0.000000e+00 2.031150e+01 2.792378e+00 
2.794590e-01 3.017818e-01 0.000000e+00 0.000000e+00 0.000000e+00 1.756119e+00 0.000000e+00 3.076281e+00 0.000000e+00 2.092217e+01 2.792257e+00 
2.881194e-01 3.107559e-01 0.000000e+00 0.000000e+00 0.000000e+00 1.754182e+00 0.000000e+00 3.236548e+00 0.000000e+00 2.152057e+01 2.792173e+00 
2.966703e-01 3.195735e-01 0.000000e+00 0.000000e+00 0.000000e+00 1.752217e+00 0.000000e+00 3.395794e+00 0.000000e+00 2.210641e+01 2.792038e+00 
3.051114e-01 3.282547e-01 0.000000e+00 0.000000e+00 0.000000e+00 1.750229e+00 0.000000e+00 3.553864e+00 0.000000e+00 2.268118e+01 2.791964e+00 
3.134625e-01 3.368113e-01 0.000000e+00 0.000000e+00 0.000000e+00 1.748219e+00 0.000000e+00 3.710902e+00 0.000000e+00 2.324568e+01 2.791815e+00 
3.217401e-01 3.452446e-01 0.000000e+00 0.000000e+00 0.000000e+00 1.746200e+00 0.000000e+00 3.866916e+00 0.000000e+00 2.380021e+01 2.791752e+00 
3.299516e-01 3.535712e-01 0.000000e+00 0.000000e+00 0.000000e+00 1.744149e+00 0.000000e+00 4.021843e+00 0.000000e+00 2.434558e+01 2.791604e+00 
3.381038e-01 3.618213e-01 0.000000e+00 0.000000e+00 0.000000e+00 1.742085e+00 0.000000e+00 4.175816e+00 0.000000e+00 2.488418e+01 2.791533e+00 
3.462119e-01 3.699657e-01 0.000000e+00 0.000000e+00 0.000000e+00 1.739974e+00 0.000000e+00 4.328383e+00 0.000000e+00 2.541346e+01 2.791394e+00 
3.542734e-01 3.780623e-01 0.000000e+00 0.000000e+00 0.000000e+00 1.737875e+00 0.000000e+00 4.479798e+00 0.000000e+00 2.593831e+01 2.791309e+00 
3.623042e-01 3.860462e-01 0.000000e+00 0.000000e+00 0.000000e+00 1.735709e+00 0.000000e+00 4.629884e+00 0.000000e+00 2.645306e+01 2.791176e+00 
3.703146e-01 3.940080e-01 0.000000e+00 0.000000e+00 0.000000e+00 1.733553e+00 0.000000e+00 4.778857e+00 0.000000e+00 2.696508e+01 2.791078e+00 
3.783093e-01 4.018854e-01 0.000000e+00 0.000000e+00 0.000000e+00 1.731338e+00 0.000000e+00 4.926636e+00 0.000000e+00 2.746907e+01 2.790949e+00 
3.862939e-01 4.097315e-01 0.000000e+00 0.000000e+00 0.000000e+00 1.729116e+00 0.000000e+00 5.072897e+00 0.000000e+00 2.796941e+01 2.790840e+00 
3.942807e-01 4.175293e-01 0.000000e+00 0.000000e+00 0.000000e+00 1.726861e+00 0.000000e+00 5.217983e+00 0.000000e+00 2.846453e+01 2.790712e+00 
4.022685e-01 4.252821e-01 0.000000e+00 0.000000e+00 0.000000e+00 1.724566e+00 0.000000e+00 5.361388e+00 0.000000e+00 2.895455e+01 2.790595e+00 
4.102676e-01 4.330232e-01 0.000000e+00 0.000000e+00 0.000000e+00 1.722261e+00 0.000000e+00 5.503556e+00 0.000000e+00 2.944218e+01 2.790463e+00 
4.182912e-01 4.407081e-01 0.000000e+00 0.000000e+00 0.000000e+00 1.719895e+00 0.000000e+00 5.644145e+00 0.000000e+00 2.992352e+01 2.790341e+00 
4.263420e-01 4.483933e-01 0.000000e+00 0.000000e+00 0.000000e+00 1.717514e+00 0.000000e+00 5.783359e+00 0.000000e+00 3.040319e+01 2.790199e+00 
4.344232e-01 4.560542e-01 0.000000e+00 0.000000e+00 0.000000e+00 1.715091e+00 0.000000e+00 5.920967e+00 0.000000e+00 3.087902e+01 2.790078e+00 
4.425463e-01 4.636965e-01 0.000000e+00 0.000000e+00 0.000000e+00 1.712628e+00 0.000000e+00 6.056757e+00 0.000000e+00 3.135137e+01 2.789915e+00 
4.507212e-01 4.713404e-01 0.000000e+00 0.000000e+00 0.000000e+00 1.710137e+00 0.000000e+00 6.191079e+00 0.000000e+00 3.182185e+01 2.789800e+00 
4.589571e-01 4.789666e-01 0.000000e+00 0.000000e+00 0.000000e+00 1.707582e+00 0.000000e+00 6.323679e+00 0.000000e+00 3.228840e+01 2.789604e+00 
4.672581e-01 4.866053e-01 0.000000e+00 0.000000e+00 0.000000e+00 1.704997e+00 0.000000e+00 6.454560e+00 0.000000e+00 3.275368e+01 2.789501e+00 
4.756426e-01 4.942485e-01 0.000000e+00 0.000000e+00 0.000000e+00 1.702370e+00 0.000000e+00 6.583945e+00 0.000000e+00 3.321691e+01 2.789315e+00 
4.841088e-01 5.018891e-01 0.000000e+00 0.000000e+00 0.000000e+00 1.699688e+00 0.000000e+00 6.711149e+00 0.000000e+00 3.367725e+01 2.789164e+00 
4.926785e-01 5.095632e-01 0.000000e+00 0.000000e+00 0.000000e+00 1.696965e+00 0.000000e+00 6.836542e+00 0.000000e+00 3.413742e+01 2.789003e+00 
5.013607e-01 5.172537e-01 0.000000e+00 0.000000e+00 0.000000e+00 1.694182e+00 0.000000e+00 6.960214e+00 0.000000e+00 3.459581e+01 2.788776e+00 
5.101679e-01 5.249669e-01 0.000000e+00 0.000000e+00 0.000000e+00 1.691347e+00 0.000000e+00 7.081759e+00 0.000000e+00 3.505294e+01 2.788624e+00 
5.191196e-01 5.327156e-01 0.000000e+00 0.000000e+00 0.000000e+00 1.688465e+00 0.000000e+00 7.201360e+00 0.000000e+00 3.550971e+01 2.788432e+00 
5.282370e-01 5.404915e-01 0.000000e+00 0.000000e+00 0.000000e+00 1.685515e+00 0.000000e+00 7.319071e+00 0.000000e+00 3.596510e+01 2.788195e+00 
5.375468e-01 5.483181e-01 0.000000e+00 0.000000e+00 0.000000e+00 1.682502e+00 0.000000e+00 7.434641e+00 0.000000e+00 3.642066e+01 2.787931e+00 
5.470744e-01 5.561990e-01 0.000000e+00 0.000000e+00 0.000000e+00 1.679421e+00 0.000000e+00 7.548446e+00 0.000000e+00 3.687648e+01 2.787707e+00 
5.568678e-01 5.641241e-01 0.000000e+00 0.000000e+00 0.000000e+00 1.676263e+00 0.000000e+00 7.660440e+00 0.000000e+00 3.733159e+01 2.787438e+00 
5.669771e-01 5.721130e-01 0.000000e+00 0.000000e+00 0.000000e+00 1.673038e+00 0.000000e+00 7.770934e+00 0.000000e+00 3.778743e+01 2.787120e+00 
